NAME;POP87;BIRTH;MORTALITY;GROWTH;POP00;POP20;INFANT_MORTALITY;FERTILITY;AGE15;AGE65;EXPECTANCY;URBAN;ENERGY;GNP;SURFACE;CULTURE;PASTURAGE;FOREST
AFGANISTHAN;14.2;48;22;2.6;24.5;39.1;182;7.6;46;4;39;16;2;160;647500;12;46;3
ALBANIA;3.1;26;6;2;3.8;4.6;43;3.3;35;5;71;34;39;900;28749;25;14;36
ALGERIA;23.5;42;10;3.2;33.7;49.4;81;6.4;46;4;60;43;21;2530;2381740.69;3;13;2
ANGOLA;8;47;22;2.5;11.5;19.1;143;6.4;45;3;43;25;4;500;1246699.09;3;23;43
ANTIGUA ET BARBUDA;0.1;15;5;1;0.1;0.1;10;1.7;27;6;72;34;;2030;440.3;18;7;16
ARGENTINA;31.5;24;8;1.6;37.2;45.6;35.3;3.3;31;9;70;84;50;2130;2766889.23;13;52;22
AUSTRALIA;16.2;16;8;0.8;17.9;20;9.9;2;24;10;76;86;180;10840;7686850.64;6;57;14
AUSTRIA;7.6;12;12;0;7.5;7;11.2;1.5;18;14;74;55;117;9150;83851.25;18;24;38
BAHAMAS;0.2;23;6;1.8;0.3;0.4;26.7;2.9;38;4;70;75;;7150;13939.38;1;0;23
BAHRAIN;0.4;32;5;2.8;0.7;1;32;4.6;41;2;67;81;388;9560;619.01;3;6;0
BANGLADESH;107.1;44;17;2.7;144.9;201.5;140;6.2;44;4;50;13;2;150;143998.82;63;4;15
BARBADOS;0.3;17;8;0.9;0.4;0.5;13.1;2;30;11;73;32;36;4680;429.94;77;9;0
BELGIUM;9.9;12;11;0;9.8;9;9.4;1.5;19;14;73;95;145;8450;30429.91;25;20;21
BELIZE;0.2;33;6;2.7;0.2;0.3;27;4.5;46;5;70;52;;1130;22960.35;2;2;44
BENIN;4.3;51;20;3;7.1;14.2;115;7.1;49;5;45;39;1;270;112620.97;16;4;33
BHUTAN;1.5;38;18;2;1.9;2.5;142;5.5;40;3;46;5;;160;47000.73;2;5;70
BOLIVIA;6.5;40;14;2.6;9.2;13.2;127;5.1;43;3;53;48;10;470;1098579.58;3;24;51
BOTSWANA;1.2;48;14;3.4;1.8;3.4;70;6.7;48;4;58;22;;840;600369.77;2;73;2
BRAZIL;141.5;29;8;2.1;179.5;233.8;63;3.5;36;4;65;71;19;1640;8511970.25;9;19;66
BRUNEI;0.2;30;4;2.6;0.3;0.4;12;3.6;38;3;62;64;;17580;5770.52;1;1;49
BULGARIA;9;13;12;0.1;9.4;9.5;15.8;2;22;11;72;66;166;6295;110908.98;37;18;35
BURKINA FASO;7.3;48;20;2.8;10.5;18.2;146;6.5;44;3;46;8;1;140;274200.71;10;36;2
BURMA;38.8;34;13;2.1;49.8;67.5;103;4.4;39;4;53;24;2;190;676549.44;15;1;48
BURUNDI;5;47;18;2.9;7.2;11;119;6.4;44;4;48;5;;240;27829.55;47;33;2
CAMEROON;10.3;43;16;2.7;14.5;23.5;103;5.9;43;4;51;42;13;810;475441.12;15;17;53
CANADA;25.9;15;7;0.8;27.9;29.3;7.9;1.7;22;10;76;76;288;13670;9976141.28;5;2;33
CAPE VERDE;0.3;35;8;2.6;0.5;0.7;76.5;5.1;46;6;60;27;6;430;4030.04;10;6;0
CENTRAL AFRICAN REPUBLIC;2.7;44;19;2.5;3.8;5.9;142;5.9;43;4;43;42;1;270;622980.47;3;5;58
CHAD;4.6;43;23;2;6.3;9.5;143;5.9;44;2;43;27;1;88;1284000.27;2;35;10
CHILE;12.4;22;6;1.6;14.8;17.7;19.5;2.4;32;6;68;83;27;1440;756950.81;7;16;20
CHINA;1062;21;8;1.3;1200;1361;61;2.4;28;5;66;32;19;310;9596960.1;11;30;14
COLOMBIA;29.9;28;7;2.1;38;49.3;48;3.1;36;3;65;65;25;1320;1138911.06;5;26;44
COMOROS;0.4;47;14;3.3;0.7;1.3;91;7;47;3;52;23;2;280;1797.46;43;7;16
CONGO;2.1;47;13;3.4;3.2;5.9;112;6.8;46;3;55;48;3;1020;341999.14;2;29;62
COSTA RICA;2.8;31;4;2.7;3.7;5;18.9;3.5;35;4;74;48;13;1290;50699.25;13;43;31
COTE D'IVOIRE;10.8;46;15;3;17.3;32.1;105;6.7;46;3;52;43;6;620;322460.18;12;9;24
CUBA;10.3;18;6;1.2;11.4;12.5;16.5;1.8;27;8;73;71;43;2700;110859.77;29;22;17
CYPRUS;0.7;20;9;1.1;0.8;0.9;12;2.5;25;11;74;53;56;3790;9248.89;47;10;18
CZECHOSLOVAKIA;15.6;15;12;0.3;16.2;16.8;14;2.1;24;11;71;74;183;8280;127870.89;40;13;36
DENMARK;5.1;11;11;-0.1;5;4.7;7.9;1.4;18;15;75;84;133;11240;43069.11;61;5;11
DJIBOUTI;0.3;43;18;2.5;0.4;0.7;132;6.5;46;3;47;74;8;760;21999.46;0;9;0
DOMINICA;0.1;22;5;1.7;0.1;0.2;13;3;40;7;75;;;1160;751.1;23;3;41
DOMINICAN REPUBLIC;6.5;33;8;2.5;8.4;11.5;70;4;41;3;63;52;14;810;48730.85;30;43;0
EAST GERMANY;16.7;14;14;0;16.8;16.8;9.6;1.8;19;14;73;77;223;9800;108329.34;46;12;27
EAST TIMOR;0.7;48;23;2.5;0.9;1.1;183;5.8;35;3;40;12;;;14869.19;5;10;74
ECUADOR;10;35;8;2.8;13.6;19.7;66;4.7;42;4;65;51;20;1160;283560.97;9;17;50
EGYPT;51.9;37;11;2.6;71.2;103;93;5.3;40;4;59;46;19;680;1001449.4;2;0;0
EL SALVADOR;5.3;36;10;2.6;7.2;10.3;65;4.7;46;4;66;43;5;710;21041.16;34;29;6
EQUATORIAL GUINEA;0.3;38;20;1.8;0.4;0.7;130;5.6;41;4;45;60;3;180;28049.7;8;4;46
ETHIOPIA;46;46;23;2.3;66.5;111.2;152;6.7;46;4;41;10;;110;1221899.84;11;37;2
FIJI;0.7;28;5;2.3;0.9;1.3;18.5;3.2;37;4;67;37;12;1700;18269.86;13;3;65
FINLAND;4.9;13;10;0.3;5;4.9;6.5;1.7;19;13;75;60;146;10870;337028.93;7;0;69
FRANCE;55.6;14;10;0.4;57.3;58.4;8.1;1.8;21;13;75;73;114;9550;547028.72;34;23;27
FRENCH POLYNESIA;0.2;28;4;2.4;0.3;0.3;23;3.6;37;3;71;57;;7840;3998.96;19;5;29
GABON;1.2;34;18;1.6;1.6;2.4;112;4.5;35;6;49;41;33;3340;267668.73;2;18;75
GAMBIA;0.8;49;28;2.1;1.1;1.8;169;6.4;46;3;36;21;3;230;11300.17;15;8;17
GAZA;0.6;47;8;4;0.8;1.4;59;7.4;50;3;64;79;;;;;;
GHANA;13.9;42;14;2.8;20.5;33.9;94;5.8;47;3;54;31;2;390;238539;12;14;3
GREECE;10;12;9;0.2;10.2;10.1;14;1.8;22;13;74;70;66;3550;131939.78;30;40;20
GRENADA;0.1;26;7;1.9;0.1;0.1;22;3.1;39;7;72;;;970;339.29;41;3;9
GUADELOUPE;0.3;20;7;1.3;0.4;0.5;14;2.4;31;7;72;46;;;1779.33;23;12;39
GUATEMALA;8.4;41;9;3.2;12.2;19.7;71;5.8;46;3;60;39;6;1240;108888.78;17;12;39
GUINEA;6.4;47;23;2.4;8.9;14.3;153;6.2;43;3;41;22;2;320;245860.93;6;12;42
GUINEA-BISSAU;0.9;41;21;2;1.2;1.8;138;5.4;44;4;44;27;1;170;36120.14;8;35;30
GUYANA;0.8;26;6;2;0.8;1.1;36;3;38;4;68;32;18;570;214970;2;6;76
HAITI;6.2;36;13;2.3;7.7;10.1;107;4.9;39;6;53;26;2;350;27749.26;33;18;2
HONDURAS;4.7;39;8;3.1;7;12;69;5.6;47;3;63;40;7;730;112090.02;16;30;33
HONG KONG;5.6;14;5;0.9;6.4;7;7.5;1.6;24;7;75;92;;6220;1041.18;8;1;12
HUNGARY;10.6;12;14;-0.2;10.7;10.4;20.4;1.8;22;12;70;56;112;1940;93030.21;57;13;18
ICELAND;0.2;16;7;0.9;0.3;0.3;5.7;1.9;26;10;77;89;150;10720;102999.12;0;22;1
INDIA;800.3;33;12;2.1;1013.3;1310;101;4.3;38;4;55;25;7;250;3287590.6;51;4;21
INDONESIA;174.9;31;10;2.1;219.8;284.2;88;4.2;40;3;58;22;8;530;1904569.45;11;6;64
IRAN;50.4;45;13;3.2;73.9;130.6;113;6.3;44;3;57;51;39;2160;1647998.87;9;27;11
IRAQ;17;46;13;3.3;26.5;43.8;80;7.2;49;4;62;68;15;3020;434920.57;13;9;4
IRELAND;3.5;18;9;0.8;4.2;5;8.9;2.5;30;11;73;56;96;4840;70279.65;14;69;5
ISRAEL;4.4;23;7;1.7;5.3;6.6;12.3;3.1;33;9;75;90;69;4920;20769.21;21;39;6
ITALY;57.4;10;10;0.1;57.5;53.5;10.9;1.4;21;13;75;72;90;6520;301229.95;41;16;21
JAMAICA;2.5;26;5;2;3;4.1;20;3.1;36;7;73;54;35;940;10989.37;24;18;17
JAPON;122.2;12;6;0.6;126.6;122.9;5.5;1.8;22;10;77;76;111;11330;372309.91;13;2;68
JORDAN;3.7;45;8;3.7;5.7;9.9;54;7.4;51;3;67;60;29;1560;97738.83;4;1;0
KAMPUCHEA;6.5;39;18;2.1;8.5;12;160;4.7;35;3;43;11;;;181041;17;3;74
KENYA;22.4;52;13;3.9;38.3;79.2;76;8;51;2;54;16;3;290;582648.99;4;6;6
KUWAIT;1.9;34;3;3.2;2.7;4;19;4.4;40;1;72;80;195;14270;17819.2;0;8;0
LAOS;3.8;41;16;2.5;5;6.9;122;5.8;43;3;50;16;1;220;236801.11;4;3;56
LEBANON;3.3;30;8;2.2;4.1;5.8;52;3.8;38;5;65;80;25;;10398.85;29;1;8
LESOTHO;1.6;41;15;2.6;2.3;3.6;106;5.8;42;4;50;17;;480;30349.62;10;66;0
LIBERIA;2.4;48;16;3.2;3.6;6.7;127;6.9;47;3;50;40;10;470;111370;3;2;34
LIBYA;3.8;39;9;3;5.6;8.4;90;5.6;45;3;61;76;111;7500;1759539.81;1;8;0
LUXEMBOURG;0.4;11;11;0;0.4;0.3;9;1.4;17;13;73;78;328;13380;2569.28;44;27;33
MACAO;0.4;23;6;1.7;0.6;0.7;12;3.7;34;8;68;97;;;20.72;;;
MADAGASCAR;10.6;44;16;2.8;15.6;25.8;63;6.1;44;3;50;22;2;250;587039.04;5;58;2
MALAWI;7.4;53;21;3.2;11.4;21.1;157;7;47;3;46;12;1;170;118479.55;20;16;39
MALAYSIA;16.1;31;7;2.4;20.2;26.3;30;3.9;39;4;67;32;26;2050;329751.03;13;0;62
MALDIVES;0.2;48;10;3.8;0.3;0.6;68;7.1;45;2;51;26;;290;300.44;10;3;3
MALI;8.4;51;22;2.9;12.3;21.1;175;6.7;46;3;43;18;1;140;1239998.76;2;24;7
MALTA;0.4;16;8;0.8;0.4;0.5;11.7;2;24;9;73;85;45;3300;321.16;41;0;0
MARTINIQUE;0.3;17;7;1.1;0.4;0.4;13;2;28;8;74;71;;;1100.75;17;30;25
MAURITANIA;2;50;20;3;3;5.2;132;6.9;46;3;45;35;5;410;1030700.86;0;38;15
MAURITIUS;1.1;19;7;1.2;1.3;1.6;25.1;2.3;32;5;68;42;8;1070;1859.62;58;4;31
MEXICO;81.9;31;7;2.5;104.5;137.8;50;4;42;4;67;70;50;2080;1972549.18;13;38;23
MONGOLIA;2;37;11;2.6;2.8;4.4;53;5.1;42;3;62;51;47;940;1564999.73;1;79;10
MOROCCO;24.4;36;10;2.5;33.3;48.5;90;4.8;42;4;60;43;9;610;446549.67;19;28;12
MOZAMBIQUE;14.7;45;19;2.6;21.1;35.7;147;6.1;46;3;46;13;3;150;801589.46;4;55;19
NAMIBIA;1.3;44;11;3.3;2;3.7;110;6.4;45;3;49;51;;;824290.81;1;64;22
NEPAL;17.8;42;17;2.5;24.4;37.4;112;6.1;41;3;52;7;;160;140800.17;16;13;16
NETHERLANDS;14.6;12;9;0.4;15;14.6;8;1.5;20;12;76;89;172;9180;37308.95;23;31;8
NETHERLANDS ANTILLES;0.2;19;6;1.4;0.2;0.2;10;2.1;30;7;75;50;;6110;782.18;8;0;0
NEW CALEDONIA;0.2;24;6;1.8;0.2;0.2;36;3.1;36;4;68;60;;5760;19059.81;1;14;37
NEW ZEALAND;3.3;16;8;0.8;3.6;3.8;10.8;1.9;24;11;74;84;113;7310;268678.83;2;52;39
NICARAGUA;3.5;43;9;3.4;5.1;7.7;69;5.7;47;3;61;53;8;850;129999.87;10;39;31
NIGER;7;51;22;2.9;10.6;18.9;141;7.1;47;3;44;16;2;200;1266999.51;3;7;2
NIGERIA;108.6;46;18;2.8;160.9;273.6;124;6.6;45;2;49;28;7;760;923770.12;34;23;16
NORTH KOREA;21.4;30;5;2.5;28.4;38.5;33;4;39;4;65;64;78;1170;120541.19;19;0;74
NORTH YEMEN;6.5;53;19;3.4;10;19.5;137;7.8;49;3;47;15;6;520;195001.1;7;36;8
NORWAY;4.2;12;11;0.2;4.3;4.3;8.3;1.7;20;16;76;70;193;13890;324218.79;3;0;26
OMAN;1.3;47;14;3.3;2;3.2;117;7.1;44;3;52;9;391;7080;212460.29;0;5;0
PAKISTAN;104.6;44;15;2.9;145.3;242.2;125;6.6;45;4;50;28;6;380;803941.18;25;6;4
PANAMA;2.3;27;5;2.2;2.9;3.7;25;3.3;38;4;72;51;22;2020;77080.99;7;15;53
PAPUA-NEW GUINEA;3.6;36;12;2.4;4.8;6.8;100;5.3;42;2;54;13;9;710;461690.81;1;0;83
PARAGUAY;4.3;36;7;2.9;6;8.8;45;4.9;41;4;65;43;7;940;406749.14;5;38;50
PERU;20.7;35;10;2.5;28;38.6;94;4.8;41;4;60;69;19;960;1285220.16;3;21;54
PHILIPPINES;61.5;35;7;2.8;85.5;115.4;50;4.7;41;3;65;40;9;600;299999.7;38;4;40
POLAND;37.8;18;10;0.8;40.8;44.6;18.5;2.3;25;9;71;60;133;2120;312680.34;47;13;28
PORTUGAL;10.3;12;10;0.3;10.9;11.4;16.7;1.9;24;12;73;30;38;1970;92079.68;38;6;40
PUERTO RICO;3.3;19;7;1.3;3.7;4.1;15.7;2.2;30;9;75;67;;4850;8899.24;15;37;20
QATAR;0.3;34;4;3;0.5;0.7;42;5.6;34;2;69;86;637;15980;10999.73;0;5;0
REUNION;0.6;25;6;1.9;0.7;0.8;12;2.7;33;5;70;60;;;2509.71;22;4;35
ROMANIA;22.9;16;11;0.5;24.5;26.6;25.6;2.3;25;9;71;53;134;2540;237500.41;45;19;27
RWANDA;6.8;53;16;3.7;11;21.8;122;8.5;48;2;48;6;1;290;26340.3;38;16;19
SAINT LUCIA;0.1;30;6;2.5;0.2;0.2;17.6;4.1;44;6;71;40;;1210;619.01;27;5;13
SAO TOME AND PRINCIPE;0.1;36;9;2.7;0.1;0.3;61.7;5.4;41;6;65;35;;310;960.89;38;1;0
SAUDI ARABIA;14.8;39;7;3.1;23.2;43.2;79;6.9;37;2;63;72;104;8860;2149689.64;1;40;1
SENEGAL;7.1;46;18;2.8;10.6;19.7;131;6.7;46;3;45;36;5;370;196189.91;27;29;30
SEYCHELLES;0.1;27;7;1.9;0.1;0.1;17.9;3.5;37;6;70;37;;2320;279.72;25;0;18
SIERRA LEONE;3.9;47;29;1.8;5.4;8.9;176;6.2;41;3;35;28;2;370;71740.41;25;31;29
SINGAPORE;2.6;17;5;1.1;2.9;3.1;9.3;1.6;24;5;71;100;196;7420;580.16;10;0;5
SOLOMON ISLANDS;0.3;42;6;3.6;0.5;0.8;43;6.6;48;3;68;9;8;510;28451.15;2;1;90
SOMALIA;7.7;48;23;2.5;10.4;18.6;150;7.1;45;4;41;34;4;270;637660.59;2;45;14
SOUTH AFRICA;34.3;33;10;2.3;45.3;63.5;72;4.6;38;4;56;56;;2010;1221039.96;11;65;3
SOUTH KOREA;42.1;20;6;1.4;48;52;30;2.1;31;4;67;65;44;2180;98479.57;22;1;66
SOUTH YEMEN;2.4;47;17;3;3.6;6.3;135;7.3;48;3;48;40;25;540;332970.4;1;27;5
SPAIN;39;13;8;0.5;41;41.6;10.5;1.8;23;13;76;91;65;4360;504780.64;41;21;31
SRI LANKA;16.3;25;7;1.8;19.4;24.2;29.8;3.7;35;4;70;22;4;370;65609.88;34;7;36
ST. KITTS-NEVIS;0.05;26;11;1.6;0.1;0.1;27.8;2.8;37;9;67;45;;1520;360.01;39;3;17
ST. VINCENT AND GRENADINES;0.1;26;7;2;0.1;0.2;26.5;3.2;43;6;69;;;840;388.5;50;6;41
SUDAN;23.5;45;16;2.8;33.4;55.6;112;6.5;45;3;49;20;2;330;2505809.46;5;22;19
SURINAME;0.4;27;7;2.1;0.5;0.6;33;3.3;37;4;69;66;49;2570;163271.01;0;0;96
SWAZILAND;0.7;47;16;3.1;1;1.9;124;6.5;46;3;50;26;;650;17360.77;8;66;6
SWEDEN;8.4;12;11;0.1;8.3;8;6.8;1.7;18;17;77;83;137;11890;449960.7;7;1;59
SWITZERLAND;6.6;12;9;0.2;6.5;6.1;6.9;1.5;18;14;76;57;108;16380;41289.78;10;39;25
SYRIA;11.3;47;9;3.8;17.8;29;59;7.2;49;4;63;49;27;1630;185179.82;31;45;3
TAIWAN;19.6;17;5;1.2;22.3;24.4;8.9;1.8;30;5;73;67;;;32261.04;24;6;55
TANZANIA;23.5;50;15;3.5;36.6;68.6;111;7.1;48;3;52;18;1;270;945091;5;37;45
THAILAND;53.6;29;8;2.1;65.5;81.6;57;3.5;36;3;63;17;12;830;514001.04;38;1;30
TOGO;3.2;47;15;3.1;4.9;8.9;117;6.6;44;3;53;22;2;250;56790.93;25;4;26
TRINIDAD AND TOBAGO;1.3;27;7;2;1.6;2.2;20;3.2;34;6;70;34;148;6010;5130.79;31;2;44
TUNISIA;7.6;32;7;2.5;9.9;13.6;78;4.5;40;4;62;53;20;1220;163610.3;29;18;3
TURKEY;51.4;30;9;2.1;65.4;86.7;92;4;36;4;62;46;26;1130;780579.38;35;12;26
UGANDA;15.9;50;16;3.4;24.7;46.4;108;7;48;3;50;10;1;230;236039.65;28;21;25
UNITED ARAB EMIRATES;1.4;30;4;2.6;1.9;2.6;38;5.9;30;1;68;81;223;19120;83600.02;0;2;0
UNITED KINGDOM;56.8;13;12;0.2;57.3;56.6;9.4;1.8;19;15;74;90;138;8390;244819.75;29;48;9
UNITED STATES;243.8;16;9;0.7;268;296.6;10.5;1.8;22;12;75;74;280;16400;9363119.36;20;26;28
URUGUAY;3.1;18;10;0.8;3.2;3.5;30.4;2.5;27;11;71;85;18;1660;176221.01;8;77;4
USSR;284;19;11;0.9;312;355;26;2.5;26;9;69;65;176;7400;22402199.82;10;17;42
VANUATU;0.2;39;5;3.3;0.2;0.3;39;5.8;45;3;68;18;;350;14760.41;6;2;1
VENEZUELA;18.3;32;6;2.7;24.7;35.4;38;3.9;40;3;69;76;96;3110;912050.37;4;19;35
VIETNAM;62.2;34;8;2.6;86;121.2;55;4.5;40;4;63;19;4;300;329559.37;20;1;40
WEST GERMANY;61;10;12;-0.2;58.4;50.5;9.5;1.3;15;15;74;85;163;10940;248580.43;30;19;29
WESTERN SAMOA;0.2;31;7;2.4;0.2;0.4;51;5;38;3;65;21;;660;2859.36;43;0;47
YUGOSLAVIA;23.4;16;9;0.7;25;25.9;28.8;2.1;25;9;71;46;73;2070;255798.76;30;25;36
ZAIRE;31.8;45;15;3.1;47.6;81.6;103;6.1;46;3;51;34;2;170;2345410.76;3;4;75
ZAMBIA;7.1;50;15;3.5;11.6;22;84;7;47;3;52;43;10;400;752609.97;7;47;39
ZIMBABWE;9.4;47;12;3.5;15.1;29.4;76;6.5;50;3;57;24;13;650;390579.77;7;12;6
