subno	helpful	reliant	defbel	yielding	cheerful	indpt	athlet	shy	assert	strpers	forceful	affect	flatter	loyal	analyt	feminine	sympathy	moody	sensitiv	undstand	compass	leaderab	soothe	risk	decide	selfsuff	conscien	dominant	masculin	stand	happy	softspok	warm	truthful	tender	gullible	leadact	childlik	individ	foullang	lovchil	compete	ambitiou	gentle	H	DUMMY
536	6	6	6	5	6	6	5	2	6	6	4	6	3	6	6	6	6	1	6	7	6	5	6	5	5	6	6	4	1	6	6	6	6	6	6	3	5	3	6	3	6	4	5	6	.0380870043787771	0
38	6	5	6	4	6	5	4	4	4	5	4	6	5	6	6	5	5	5	5	5	5	6	6	4	4	5	6	4	1	6	6	5	6	6	5	4	5	2	4	6	7	6	5	6	.0464548657699398	0
405	7	6	7	6	6	6	5	1	4	4	4	5	5	7	5	6	6	4	7	6	6	6	6	4	5	6	6	5	2	6	6	5	5	7	5	2	6	2	5	2	6	4	5	5	.0485392011791224	0
306	7	6	6	4	6	6	3	4	3	4	4	7	6	7	6	7	7	4	6	6	6	5	6	4	5	6	6	3	1	6	6	6	6	7	6	4	4	2	7	6	7	6	7	7	.0498381508884809	0
709	7	7	6	6	7	7	6	1	6	6	5	7	5	7	7	7	7	1	7	7	7	6	6	6	4	7	7	4	1	6	6	6	7	7	7	3	6	2	7	7	7	4	6	7	.0523084542667268	0
489	6	5	5	5	5	5	4	3	5	5	5	5	5	6	4	4	5	3	4	5	4	5	5	4	5	5	5	4	3	4	5	3	4	6	5	2	5	2	5	2	6	6	6	5	.0523596293389458	0
113	6	6	6	4	6	6	3	4	5	5	4	6	3	6	5	6	5	2	5	6	5	6	5	6	6	6	6	5	2	5	6	5	6	7	5	2	6	3	5	6	7	5	6	6	.0523856077527454	0
517	5	5	6	4	5	5	3	3	5	6	5	6	5	6	6	6	5	4	5	5	5	4	4	4	4	5	6	5	1	4	5	3	5	5	5	3	3	4	4	3	5	3	6	5	.0525896966658628	0
9	7	6	7	5	6	7	5	2	5	6	6	7	3	7	7	6	6	4	6	6	6	6	5	4	4	6	7	4	1	7	6	6	6	7	6	1	5	2	7	2	6	4	4	6	.0527685223174348	0
425	5	5	6	4	5	5	1	4	4	6	4	6	5	6	5	6	7	3	6	6	6	6	5	5	6	5	6	4	1	5	5	4	6	6	6	5	6	3	5	4	6	5	5	6	.0528741651026366	0
363	6	5	5	4	6	6	3	4	4	4	4	6	3	7	6	5	6	2	5	7	6	6	6	4	5	6	6	4	1	4	6	5	6	6	5	4	6	2	5	1	7	4	5	6	.0534431601652808	0
4	6	6	7	4	6	6	3	4	4	3	3	5	3	7	6	6	5	2	6	6	6	2	6	5	5	6	6	4	2	6	6	5	6	6	5	4	3	2	5	6	6	4	6	5	.0540748554719141	0
336	6	6	5	4	7	6	4	3	4	6	4	7	6	7	5	7	7	2	5	5	6	5	6	4	6	6	7	4	1	5	7	6	7	6	7	6	5	2	5	7	7	5	5	7	.0543393025501942	0
504	7	6	6	5	6	6	7	3	5	6	6	6	3	7	6	6	6	4	6	6	6	6	6	5	5	6	7	4	1	6	6	3	6	7	6	4	6	1	6	6	6	7	6	5	.055878820084986	0
687	6	7	6	5	6	7	3	4	6	6	6	7	3	7	5	6	7	3	6	7	7	3	7	5	4	7	6	4	1	5	6	6	6	7	7	4	4	2	5	6	6	3	5	7	.0562199631742893	0
522	7	7	7	4	6	7	7	3	6	6	7	6	5	6	5	6	7	1	6	6	6	7	6	5	7	7	7	7	1	7	7	3	6	6	5	2	7	1	6	4	7	7	7	6	.0568643021312086	0
498	7	6	7	6	7	6	4	4	5	5	3	7	5	7	7	6	6	2	6	6	6	6	6	5	5	5	6	5	1	7	6	6	6	6	6	5	6	4	5	4	7	6	6	6	.0582282223769463	0
505	7	7	6	4	6	7	7	3	5	6	5	6	4	7	6	5	7	1	7	7	7	6	7	5	6	7	7	5	1	6	6	5	5	7	5	1	5	2	5	6	7	6	6	5	.0585838405731944	0
49	7	7	5	5	6	6	4	3	4	5	4	6	5	7	6	6	6	1	5	5	6	6	6	5	6	6	6	4	3	5	6	5	6	6	5	4	5	2	4	2	7	5	5	5	.0591214567721906	0
255	6	7	6	4	5	7	7	1	6	6	6	6	6	6	6	6	6	2	6	6	6	7	6	6	6	6	6	6	1	6	6	4	6	7	7	3	7	2	7	4	6	6	6	6	.0591496471795833	0
272	5	4	4	3	6	4	2	4	3	4	3	6	4	7	6	5	7	4	6	6	7	3	5	3	3	4	5	3	2	3	5	4	6	6	6	4	3	3	4	4	7	3	4	7	.0594433663814901	0
319	6	7	7	4	5	6	4	3	5	5	5	6	2	7	6	6	6	2	6	5	5	4	5	5	6	6	6	6	1	6	5	5	5	6	5	2	5	2	5	3	6	2	4	5	.059813372281087	0
555	5	7	5	4	6	5	2	3	5	5	4	5	4	7	5	6	5	4	5	5	5	5	5	5	5	6	6	5	1	5	5	4	5	6	5	4	5	4	3	3	7	4	5	5	.0600011307407102	0
539	7	7	7	4	7	7	5	2	6	6	6	7	4	7	7	6	7	2	6	7	7	6	7	6	6	6	7	6	1	7	7	4	6	6	6	3	5	4	6	2	6	7	7	6	.0603321468629925	0
717	7	6	7	5	7	6	3	3	4	4	2	7	4	7	6	5	6	3	7	7	7	4	6	2	4	5	7	2	1	6	6	6	6	7	6	3	5	2	5	4	7	3	2	6	.0607173865121758	0
300	7	7	7	3	7	7	7	1	7	7	6	7	6	7	7	7	7	4	7	7	7	6	7	6	5	6	7	5	1	6	6	6	6	7	7	4	5	2	6	6	7	7	7	7	.0608937762235328	0
245	7	6	6	5	6	6	6	3	3	5	4	7	6	7	6	7	7	5	6	6	7	7	7	5	5	6	7	4	1	6	7	7	7	7	7	3	5	3	6	1	7	6	6	7	.0631118416829157	0
320	6	6	6	3	6	6	6	3	5	5	5	5	4	6	6	4	5	2	5	6	6	6	5	3	3	6	6	4	2	4	6	3	5	5	4	4	5	2	4	4	6	3	4	4	.0632142017627548	0
154	7	6	6	4	7	7	5	4	5	4	1	7	5	7	6	6	7	1	6	7	6	5	7	5	5	6	7	4	1	5	7	5	7	7	7	4	4	2	6	7	7	4	7	7	.0635157515830313	0
547	6	7	6	4	6	6	5	3	5	5	4	6	5	7	4	5	7	4	7	7	6	5	5	5	5	6	7	5	1	5	6	4	5	6	5	7	6	2	5	6	5	5	6	5	.0643016880517265	0
81	6	6	6	3	7	6	5	1	3	5	3	6	3	6	3	5	5	2	6	5	5	6	6	2	5	6	6	4	1	5	6	3	5	6	5	3	6	1	5	7	6	6	6	5	.0669495895161472	0
214	7	6	6	4	6	6	6	4	4	5	3	5	5	6	5	6	5	1	5	5	5	7	5	3	6	6	6	4	1	5	7	5	5	7	5	4	7	1	5	5	6	6	5	6	.0672773301740719	0
569	6	7	6	4	6	5	2	4	5	5	3	7	6	7	3	7	7	4	7	6	6	5	7	5	6	5	6	4	1	5	6	5	7	7	7	4	5	3	5	6	6	6	7	6	.067329994232802	0
417	6	7	5	4	5	7	3	2	6	6	5	4	4	7	4	5	5	4	6	5	4	6	4	3	5	7	6	6	4	5	4	3	4	6	4	2	6	3	6	4	6	4	4	4	.0684575163663301	0
559	6	6	7	5	6	5	5	5	6	5	5	6	6	7	6	6	5	4	5	5	5	5	7	4	6	6	6	5	2	5	6	5	5	6	6	5	5	4	5	4	7	5	5	5	.0685581083437327	0
85	7	6	7	5	6	6	3	2	6	5	5	7	6	7	7	6	6	4	6	7	7	7	7	4	5	6	7	4	1	5	5	5	7	7	7	7	6	4	5	6	6	6	7	6	.0686712694818546	0
204	7	7	7	6	6	7	4	1	7	6	4	7	6	7	7	7	5	4	7	7	6	7	7	7	5	6	7	4	1	7	6	6	6	7	7	3	5	3	6	6	5	7	6	7	.0690332001755754	0
341	6	6	6	5	6	5	5	2	4	4	3	5	5	7	6	6	6	2	7	7	6	3	6	4	4	6	7	2	1	5	6	7	5	7	7	3	4	2	5	7	7	5	5	6	.0691673494602859	0
402	7	6	7	5	6	6	7	4	6	5	5	7	5	7	6	7	7	4	7	7	7	5	7	7	4	4	7	4	1	6	6	6	7	7	7	6	5	5	5	3	7	6	6	7	.0697353700485983	0
83	7	7	7	6	6	6	6	3	4	3	3	7	6	7	6	7	7	1	6	6	6	5	6	3	7	7	7	3	1	5	7	7	7	7	7	4	4	1	5	7	7	3	4	7	.0708038894614799	0
495	7	7	7	6	6	7	5	1	6	6	6	7	6	7	6	7	5	4	7	7	6	6	6	5	6	7	7	6	1	7	6	1	6	6	5	2	6	2	6	7	7	5	6	5	.0709691086971086	0
15	7	7	7	7	7	7	7	1	7	7	7	7	5	7	7	7	7	1	7	7	7	7	7	7	7	7	7	7	1	7	7	7	7	7	7	1	7	1	7	7	7	7	7	7	.0710378495429128	0
109	7	6	6	5	6	5	1	3	4	5	2	7	4	7	6	7	7	4	6	7	7	3	6	4	4	4	6	1	1	5	5	7	6	7	7	5	2	1	6	6	7	4	4	6	.0710706539078305	0
330	5	7	6	3	5	7	4	2	7	7	7	7	7	7	7	6	6	5	7	7	7	6	6	5	5	7	6	7	3	6	6	5	6	7	5	5	5	4	6	4	5	6	6	5	.0715199053061054	0
499	6	6	5	5	6	5	3	2	4	3	4	5	3	7	7	6	6	1	7	7	6	5	7	3	5	7	7	3	1	5	7	6	6	7	6	3	5	1	4	5	5	5	4	7	.0717242297303494	0
192	6	7	5	4	6	6	3	4	5	5	5	6	2	6	6	6	6	2	6	7	6	4	6	3	4	6	7	4	2	5	7	2	6	6	6	2	4	2	4	2	7	5	5	6	.071724784940941	0
142	6	6	7	4	6	6	3	1	6	6	4	6	4	6	5	5	6	4	6	6	5	4	6	5	6	7	6	4	1	6	6	6	6	6	5	7	4	1	5	7	7	5	5	6	.0718752746866547	0
418	6	5	7	5	6	6	4	4	5	6	6	7	5	7	6	6	7	1	6	6	6	5	7	6	5	6	6	4	1	7	7	4	7	7	6	1	5	1	5	7	7	2	4	7	.0720844958796497	0
573	6	7	6	3	4	6	5	1	6	5	5	5	3	6	7	6	5	3	5	5	6	7	5	4	5	6	6	5	2	6	4	4	5	7	6	2	7	2	6	4	6	4	5	6	.0722103386000668	0
98	6	6	6	5	5	6	1	2	6	4	3	6	4	6	6	5	6	4	6	6	6	5	5	3	4	6	6	3	1	6	5	2	5	6	5	1	5	1	5	6	7	2	5	6	.0727386344983828	0
34	6	7	7	4	5	6	4	1	5	6	6	6	4	7	6	6	6	4	7	5	6	7	6	6	7	7	7	7	3	7	5	5	6	6	6	7	6	4	6	4	7	7	6	7	.0733644123238084	0
127	7	6	7	5	6	5	4	2	6	6	6	7	6	7	5	5	7	4	7	7	7	6	6	6	6	6	6	6	4	7	6	1	6	7	5	4	6	4	4	4	6	6	5	5	.0734292768492602	0
335	6	6	5	4	5	7	5	2	5	5	4	4	4	6	6	5	6	3	6	7	6	5	4	4	6	7	7	4	3	5	5	2	4	7	3	3	5	1	5	2	5	5	5	4	.0736427566198009	0
151	5	6	7	4	6	6	6	2	5	6	5	7	5	7	6	6	5	2	4	5	5	6	5	6	6	6	7	5	2	7	6	5	6	7	6	1	4	2	7	6	6	7	6	5	.0737278837052149	0
592	6	6	6	4	6	6	3	5	5	5	5	6	6	6	6	6	5	4	5	5	5	4	4	3	4	5	5	4	2	3	6	5	5	6	5	3	5	2	6	5	7	4	4	4	.0738136963808858	0
229	6	6	6	5	5	6	2	4	5	4	4	6	4	5	4	6	5	4	5	5	5	3	5	3	4	5	4	4	1	4	5	5	4	5	5	4	4	3	3	2	6	4	4	5	.0738888758253689	0
5	6	6	7	4	7	7	7	2	7	7	5	7	4	7	7	4	7	3	7	6	7	7	7	7	7	5	7	6	4	7	6	4	7	7	7	5	6	2	6	5	7	7	7	7	.0738906036911557	0
293	7	6	7	6	6	6	7	4	6	6	3	7	6	7	6	5	7	4	6	7	7	6	7	6	6	6	6	2	1	6	6	6	6	6	5	7	5	1	5	4	7	6	6	6	.073891590363074	0
576	7	6	6	5	6	7	7	3	6	7	6	6	5	6	6	6	6	2	4	5	5	7	7	6	6	6	6	7	1	5	5	5	6	6	6	6	7	2	6	6	7	7	7	6	.0743493815812546	0
206	6	6	7	4	6	7	6	2	6	6	4	7	5	7	7	6	4	1	6	6	6	6	6	6	5	6	7	6	2	6	7	7	7	7	7	4	5	3	6	3	7	6	7	7	.0746858651381232	0
438	7	5	6	6	7	6	4	2	5	5	2	7	7	7	5	7	7	2	7	6	6	6	6	4	6	6	7	3	1	5	7	4	7	6	6	3	6	3	6	6	6	4	5	6	.0747238354050288	0
241	6	7	6	5	7	7	3	4	5	6	5	6	2	7	7	7	5	3	7	7	6	4	7	5	6	7	7	4	1	5	7	6	6	7	5	4	4	1	7	6	7	4	6	7	.0751403197263541	0
307	7	7	7	4	7	7	7	1	7	7	4	7	4	7	7	7	7	2	7	7	7	7	7	6	6	7	7	7	1	7	7	7	7	7	7	7	7	1	7	7	7	7	7	7	.0752181839194999	0
318	7	6	7	6	6	7	4	5	6	6	4	6	6	7	6	5	7	4	7	7	7	5	6	4	5	6	6	5	1	6	6	6	7	7	6	2	5	1	7	6	7	3	6	7	.0762516556232747	0
519	6	7	7	5	5	6	7	3	4	5	4	6	4	7	4	6	5	3	4	6	5	4	5	5	4	6	6	4	1	4	6	4	6	7	5	3	3	4	6	5	7	5	5	5	.0765949132533729	0
250	7	7	7	5	7	7	6	2	5	7	3	7	5	7	5	4	6	3	5	6	6	7	6	6	5	7	6	5	1	7	7	4	5	6	5	5	7	1	6	3	7	7	7	6	.0766837492890449	0
239	5	6	5	4	6	6	3	4	5	5	4	6	5	7	4	5	6	4	5	6	6	3	5	3	4	6	7	4	1	4	6	6	5	7	5	4	4	1	3	1	7	4	4	5	.0773781131886863	0
448	7	6	7	5	6	6	1	2	4	6	5	7	5	7	5	7	6	3	6	6	6	7	6	6	6	7	6	5	1	5	6	2	6	6	6	2	7	3	7	6	7	5	5	6	.0776730635197519	0
443	6	7	7	5	5	7	6	3	6	6	4	6	5	7	7	5	6	3	6	6	6	6	5	7	7	7	6	5	3	6	5	3	5	6	5	5	5	6	7	3	7	6	6	5	.0776928319788158	0
264	7	7	6	3	6	6	3	3	5	5	5	6	6	7	5	6	7	1	7	7	7	6	7	5	7	6	7	7	2	5	6	4	5	6	6	5	6	3	5	7	6	6	6	6	.0777032750682299	0
514	6	5	5	5	6	6	4	5	4	4	4	6	4	7	6	5	7	7	7	7	7	5	7	5	5	5	7	4	1	3	5	6	6	6	6	6	4	1	4	2	7	4	4	6	.0782849329888697	0
202	6	6	7	6	7	6	3	1	5	5	2	7	2	7	6	5	7	1	7	7	7	5	7	7	7	7	7	2	1	7	7	6	7	7	7	2	4	1	5	7	7	6	7	7	.078512875157956	0
134	5	5	6	4	6	6	7	4	5	6	6	5	5	7	6	5	5	5	6	6	6	5	6	6	5	5	6	5	4	6	6	4	5	7	6	4	4	2	6	6	6	6	4	6	.0788233359080718	0
754	7	6	6	6	7	6	7	4	5	5	4	7	6	7	6	7	6	4	5	6	5	7	6	6	6	6	6	3	1	6	7	4	6	7	7	3	5	2	5	4	6	5	7	6	.0790558273507622	0
500	4	5	5	5	5	5	2	4	3	3	3	5	4	6	2	5	6	4	7	6	6	3	7	2	4	6	7	2	1	4	5	6	6	6	6	5	4	2	4	6	6	4	3	6	.0790936480439583	0
401	5	7	7	4	5	7	3	1	5	7	6	6	4	7	7	6	7	4	6	7	7	5	5	4	7	7	7	6	1	6	4	2	5	7	5	3	6	1	6	6	7	5	6	5	.0798206612438493	0
502	6	7	5	4	6	6	4	1	6	6	6	6	3	6	4	6	6	5	5	6	5	6	6	5	6	7	6	6	1	6	6	4	6	5	6	3	6	1	6	4	6	4	6	5	.0799711481901663	0
278	5	6	6	5	7	7	4	3	4	4	5	6	3	7	6	6	7	3	6	6	6	3	6	4	5	6	6	3	2	6	6	7	6	6	5	4	2	2	7	7	7	6	5	7	.0800512117818497	0
268	6	7	6	3	7	7	4	3	4	4	2	6	5	7	6	6	7	1	6	6	6	4	6	6	4	7	6	1	1	4	6	6	6	7	6	3	4	1	6	7	6	7	6	7	.080542638091959	0
91	5	7	5	5	6	6	7	3	5	6	5	5	5	6	4	6	6	1	6	5	6	3	5	3	4	6	6	3	2	3	6	5	5	7	5	2	3	2	4	5	5	4	3	6	.0816177133647455	0
27	7	7	7	6	6	7	1	3	5	6	6	6	4	7	7	6	6	1	6	6	6	6	7	5	6	7	7	7	1	6	6	7	6	7	6	1	6	1	7	6	7	7	7	6	.0818143592397564	0
556	6	5	7	4	7	6	2	2	5	4	5	6	6	7	7	7	6	2	5	5	6	4	5	4	5	6	7	5	1	6	6	6	6	6	5	4	4	1	5	7	7	5	5	7	.0826179777400628	0
236	6	5	6	4	5	5	2	4	4	4	4	6	2	6	7	3	6	3	5	6	6	4	5	4	4	5	5	4	2	6	6	5	6	7	6	3	3	5	6	6	6	3	3	5	.0827002988833183	0
117	5	6	6	5	5	5	3	4	5	6	4	6	3	7	5	6	5	4	6	7	7	5	6	4	6	6	6	4	4	5	6	5	6	7	6	4	4	3	5	6	7	3	6	6	.0828026512925885	0
3	7	6	4	4	5	5	2	3	4	4	3	5	2	7	5	6	5	2	4	6	6	4	7	3	5	6	6	2	1	4	6	4	5	7	6	3	3	1	6	2	5	2	4	5	.0828762140187198	0
558	6	4	5	5	6	3	6	3	4	3	4	6	5	7	4	5	6	1	6	6	6	4	6	5	4	4	6	4	1	4	7	7	7	7	7	7	4	1	5	3	7	6	7	7	.0836004400178614	0
101	6	5	4	4	5	5	3	4	5	4	3	5	4	6	4	4	5	4	3	4	5	2	4	3	2	4	5	3	2	3	4	4	4	4	4	5	3	3	4	3	5	4	4	4	.0841714329010094	0
380	5	6	4	4	6	6	1	4	3	4	2	4	3	6	5	5	6	3	6	5	6	4	6	3	3	6	6	5	1	3	6	6	4	6	4	6	3	1	3	6	6	3	4	6	.0842263191332452	0
112	5	6	7	3	5	7	6	3	5	6	6	6	4	7	7	4	6	2	6	5	6	6	5	2	6	7	7	6	3	6	5	2	5	7	4	1	5	2	7	5	6	7	7	5	.0845214097674666	0
87	4	6	4	6	6	3	5	5	3	3	2	5	3	7	4	6	6	2	5	6	6	2	5	3	3	4	6	2	1	3	6	5	6	6	5	4	2	1	3	1	7	3	4	6	.0854523821079798	0
184	7	7	7	5	6	6	5	4	6	6	6	6	4	7	5	6	7	2	5	5	6	7	7	4	6	7	7	6	4	7	6	4	6	7	6	2	7	2	6	5	7	4	4	7	.0856732905792658	0
398	7	7	7	4	6	7	6	4	6	6	6	7	4	7	7	3	7	4	7	7	7	7	6	6	6	6	7	6	5	7	6	4	7	7	7	4	6	3	6	5	6	4	4	7	.0857396533043918	0
469	6	7	7	3	6	7	5	3	6	7	5	7	7	6	5	5	5	2	4	5	5	7	6	4	7	7	7	6	4	6	7	2	6	6	6	3	7	1	6	3	6	7	7	6	.0863470331155501	0
295	7	7	6	6	6	7	3	3	5	6	4	7	5	7	7	6	7	4	7	7	7	5	7	4	5	7	7	2	1	3	7	6	7	7	7	7	4	4	7	6	7	5	6	7	.086767745854533	0
148	6	5	7	5	6	4	1	2	5	6	3	7	6	7	7	6	7	3	7	6	7	5	6	2	3	3	5	2	1	5	6	3	6	7	7	5	3	1	5	4	7	3	3	6	.0883397772000571	0
159	7	7	7	3	6	7	7	2	5	5	2	6	6	7	5	5	7	1	6	6	6	4	6	5	7	7	7	4	3	6	7	5	6	7	5	2	3	1	6	6	7	4	7	7	.0889692203640547	0
302	6	7	7	4	6	7	3	2	5	7	6	7	5	7	4	5	6	3	6	5	6	6	5	5	7	6	6	6	4	6	7	5	6	7	5	4	6	4	7	5	4	6	4	6	.0890424502011241	0
464	6	6	7	6	6	5	6	3	4	6	5	5	4	6	5	4	7	3	6	6	5	5	5	4	5	5	6	4	1	6	7	7	6	7	6	5	4	3	5	1	7	4	5	7	.0895040976574014	0
346	6	6	6	6	6	6	6	5	4	5	3	6	6	6	6	6	6	1	6	6	6	3	7	6	2	6	6	2	1	6	7	5	6	6	6	4	3	3	3	7	6	6	6	6	.0896864097221557	0
413	7	5	5	4	6	4	1	3	4	4	3	6	5	7	6	6	7	4	6	6	5	5	6	3	5	5	7	3	2	5	6	6	6	6	5	4	4	2	7	4	4	3	4	6	.0897832996311209	0
212	7	7	7	6	7	7	4	1	7	7	7	7	7	7	7	6	7	7	7	7	7	7	7	4	5	7	7	7	3	7	6	3	6	7	6	6	7	1	7	2	7	7	7	6	.0898707588865079	0
115	7	6	6	7	5	7	4	1	5	7	7	6	6	7	5	7	7	4	7	7	7	7	7	7	7	7	7	7	1	7	7	3	7	7	6	7	7	1	7	7	7	7	7	6	.0900098129962914	0
252	4	5	7	5	6	6	3	4	6	5	5	6	6	6	5	4	7	3	7	7	7	5	7	6	6	6	6	6	1	6	6	3	5	6	6	4	4	4	5	7	7	5	6	6	.0905115806591857	0
251	6	7	7	4	6	6	5	2	6	5	4	7	4	6	7	7	5	2	5	6	5	4	5	5	5	6	5	2	1	6	5	6	7	6	7	4	4	2	4	7	7	5	4	6	.0915474045335785	0
691	7	6	5	5	5	5	5	2	5	5	2	6	5	5	5	5	5	2	5	4	4	4	4	5	4	5	6	4	2	6	6	4	6	5	5	4	5	2	6	2	6	6	6	5	.0919683648875417	0
461	5	6	5	4	6	5	1	2	3	3	2	6	4	6	6	6	6	2	4	5	5	2	5	4	4	5	5	3	1	4	7	3	6	6	6	2	3	1	6	1	6	2	2	6	.0923285171811028	0
40	5	5	4	5	5	6	1	3	4	4	2	7	4	7	4	6	7	4	7	7	6	5	7	4	6	7	6	2	1	4	6	5	6	6	6	7	2	1	6	7	7	5	7	6	.092477538013757	0
314	6	6	7	5	5	4	3	3	3	4	2	5	4	7	3	7	6	5	5	6	6	3	6	5	4	5	6	3	1	5	6	4	5	7	7	5	4	4	5	6	7	4	6	7	.0927359392493303	0
52	5	5	4	5	4	5	3	4	3	5	3	3	3	6	5	5	4	4	5	4	4	5	5	3	3	4	7	5	1	3	4	5	4	7	4	2	3	2	4	2	5	4	5	4	.0933861759578796	0
141	7	7	7	6	7	7	1	3	6	7	3	7	5	7	6	7	7	3	7	7	7	6	7	7	5	6	7	4	1	6	7	6	7	7	7	1	2	1	6	5	7	6	6	7	.0936065269880706	0
316	7	7	7	6	7	7	2	1	2	3	2	7	6	7	6	7	7	1	6	7	7	3	7	5	6	7	7	5	1	5	7	5	6	7	6	2	4	1	5	1	7	2	5	7	.0937546767915699	0
208	7	7	5	5	6	7	4	3	5	7	4	7	4	6	7	5	5	2	4	5	5	7	4	4	6	7	7	5	2	7	5	5	6	6	5	3	6	1	6	7	4	5	6	5	.0938225385789423	0
357	6	6	5	3	5	7	6	1	3	4	1	6	1	6	5	6	6	4	5	6	6	4	4	3	6	6	6	3	1	5	5	5	5	6	5	1	3	1	6	6	7	4	4	5	.0941968522681664	0
26	6	6	5	5	7	6	2	2	5	5	4	4	5	7	7	4	6	2	6	6	5	6	6	3	3	6	6	4	1	4	6	5	6	6	5	2	6	2	4	6	7	2	4	6	.0942191411124032	0
124	6	7	6	4	6	7	5	3	6	6	6	5	5	7	5	4	3	4	4	4	4	6	5	5	7	7	7	6	1	6	6	5	5	7	5	2	6	2	6	5	3	6	6	4	.0942218457873554	0
403	6	6	4	5	5	6	5	4	5	5	4	5	4	6	6	5	6	4	5	5	5	3	3	6	5	7	5	5	3	4	4	2	4	6	4	4	3	2	6	3	7	6	5	5	.094575161721341	0
490	6	7	5	4	6	7	6	3	6	6	5	4	5	6	6	5	4	4	5	6	5	7	5	5	6	7	6	5	4	4	5	2	3	5	4	4	7	2	6	2	6	5	7	4	.0946647688713895	0
266	7	6	7	5	6	6	2	1	6	6	2	7	5	7	7	6	7	5	7	6	7	5	7	5	2	6	7	4	2	7	6	3	6	7	6	1	5	4	7	2	6	5	6	6	.0948318648546776	0
33	6	6	6	4	6	5	4	2	4	4	4	6	4	6	5	6	6	4	6	5	4	3	4	1	4	6	7	4	1	5	5	6	4	7	4	2	4	2	4	1	6	3	2	5	.094965634348434	0
271	6	6	7	4	6	3	4	2	6	6	4	7	6	7	6	6	6	3	6	6	7	5	7	6	5	5	5	3	1	6	6	4	7	6	7	2	4	1	6	2	7	6	7	7	.0952458257633348	0
581	5	5	7	4	5	5	4	7	3	6	6	7	6	7	5	5	7	4	5	6	6	4	5	4	4	5	6	5	1	5	7	5	5	6	5	4	4	2	4	4	7	5	6	5	.0954826710122723	0
577	6	5	3	5	6	6	6	1	5	4	2	6	6	6	3	6	6	5	5	5	5	4	6	6	4	5	5	3	1	4	6	3	4	6	4	5	4	4	5	4	6	5	5	5	.0958288678614915	0
512	7	7	5	4	6	7	2	2	3	5	4	6	6	7	5	7	5	2	6	5	6	7	6	4	7	7	6	6	1	6	7	6	6	7	6	3	7	1	5	1	4	4	5	6	.095908195972302	0
77	6	6	7	3	7	7	7	1	6	7	6	7	5	7	7	5	5	3	3	4	5	5	5	7	5	6	6	7	4	6	7	4	6	6	5	3	5	5	5	3	7	7	6	6	.0959181883989427	0
82	7	7	7	6	7	7	3	5	6	7	6	6	4	7	7	4	7	3	7	7	7	6	6	6	5	6	7	4	1	7	7	6	7	7	5	2	6	1	6	7	6	5	7	7	.0963421851231704	0
274	5	6	3	5	7	5	3	3	4	3	3	5	3	6	4	6	7	3	7	6	6	1	7	4	7	6	6	3	1	4	6	4	6	6	6	5	3	1	6	7	6	4	6	6	.096951685418677	0
66	7	7	6	3	6	7	5	3	6	5	3	6	5	7	5	6	5	3	3	5	4	5	6	3	5	6	7	5	1	6	4	5	5	7	4	1	5	2	6	4	7	6	6	5	.097643975324201	0
710	4	6	5	6	6	6	2	2	4	4	4	4	4	5	6	6	5	1	5	5	4	3	3	1	3	6	6	4	1	5	5	6	4	7	4	2	3	1	6	6	5	2	2	4	.0977975884383444	0
135	7	6	6	7	7	6	4	3	4	4	4	6	6	7	5	5	7	1	7	7	7	4	7	6	6	6	7	4	1	7	7	7	7	7	7	7	5	1	4	1	7	3	6	7	.0980598532809056	0
503	6	7	5	6	7	7	3	1	5	5	4	7	4	7	4	7	7	1	7	7	7	6	7	2	5	7	7	4	1	4	7	7	6	7	7	3	4	1	5	7	7	4	7	5	.0981482029080796	0
491	6	5	7	3	6	7	4	1	6	7	7	7	7	7	7	7	7	1	7	7	7	7	7	7	7	7	7	7	1	7	7	3	7	7	7	7	7	1	7	7	4	7	7	7	.098288719192429	0
557	6	5	3	6	6	5	6	5	3	4	4	6	6	7	7	6	6	4	5	6	6	4	7	4	3	5	5	1	1	5	7	6	5	6	6	6	4	4	5	7	6	5	5	6	.0985007693388198	0
689	6	7	5	4	7	7	7	2	5	6	6	7	7	7	3	7	5	4	5	5	5	7	6	3	6	7	7	7	4	6	7	2	6	6	6	3	7	2	5	6	7	5	5	6	.0996133781492462	0
485	7	5	6	5	5	6	3	3	6	7	5	7	5	7	7	6	7	5	6	7	7	7	6	7	6	6	5	6	1	7	5	4	7	5	7	4	6	4	6	2	5	5	6	6	.0999312997731195	0
280	6	7	7	6	7	7	3	1	6	6	4	7	1	7	7	5	7	1	7	7	7	7	7	4	5	7	7	4	1	7	7	7	7	7	7	1	6	1	7	7	7	1	5	7	.100623609746931	0
349	6	7	5	4	5	7	1	4	4	5	5	5	4	6	7	6	6	2	6	5	5	6	4	2	7	7	7	4	3	5	6	3	5	6	4	2	7	3	4	2	6	6	6	5	.100872841326212	0
483	5	6	6	3	5	6	2	2	5	6	5	4	4	6	7	5	5	4	7	6	5	6	5	4	4	6	7	6	4	6	4	6	6	5	4	4	6	1	5	6	7	5	5	6	.101140865923474	0
400	5	4	4	4	5	7	4	7	4	5	4	5	6	6	4	3	5	4	6	5	5	4	6	5	4	5	5	1	3	4	5	6	5	6	5	6	2	4	6	5	6	4	6	6	.101268990628994	0
506	7	6	7	3	7	4	7	1	5	5	2	7	4	7	5	6	7	3	6	6	6	6	6	3	5	6	7	2	1	7	7	6	7	7	6	1	5	1	4	6	7	7	4	6	.101486604471197	0
102	7	7	7	4	6	7	2	3	4	4	4	7	5	7	5	5	7	3	7	7	7	7	7	1	7	7	7	2	2	6	4	6	6	7	7	2	6	2	6	6	7	6	6	6	.101547427363967	0
299	7	6	7	5	7	7	6	3	5	6	4	5	3	6	4	4	6	4	5	6	6	6	4	5	5	5	5	4	3	5	5	5	4	5	4	4	5	4	4	6	7	5	5	4	.101785877498805	0
553	5	6	5	4	7	7	3	4	4	5	4	5	4	5	3	6	5	4	5	4	4	4	5	5	4	5	5	3	1	3	5	4	5	4	4	4	3	2	6	6	5	4	5	4	.102054590115884	0
129	7	7	7	4	4	7	4	2	7	7	7	5	4	7	7	3	6	2	6	6	6	7	6	4	7	7	5	6	3	6	5	4	5	7	5	2	7	4	7	3	4	7	7	5	.10237044587515	0
439	7	7	7	5	6	4	4	1	3	6	2	7	5	7	7	7	5	2	5	6	6	6	6	5	6	5	7	3	1	7	6	5	6	7	6	6	5	1	5	6	5	5	4	6	.102858827606074	0
230	6	6	7	5	6	6	5	4	5	6	6	5	6	6	6	7	6	1	6	6	6	4	6	6	6	7	6	4	1	6	7	2	7	5	6	1	4	2	4	4	6	4	4	6	.103415236728714	0
344	6	6	6	5	6	4	4	5	6	6	4	7	3	7	5	6	5	4	6	6	6	5	3	5	4	6	6	3	2	6	6	6	6	6	6	4	5	5	5	1	6	2	2	5	.103541915668022	0
144	6	6	7	4	6	6	3	3	6	6	5	6	4	7	4	5	4	5	5	3	3	6	3	2	5	6	7	6	1	6	5	2	4	6	4	4	6	2	6	6	7	5	6	4	.104091362114985	0
549	5	6	4	3	5	6	2	2	4	3	2	6	5	5	6	5	6	4	6	6	6	4	6	2	2	4	6	1	1	4	5	5	5	6	4	4	3	4	4	2	5	2	2	4	.104194724535287	0
90	5	6	7	2	6	7	5	4	6	7	5	4	1	6	6	5	4	3	5	5	5	7	4	7	7	6	6	7	2	7	6	6	4	7	4	2	6	3	7	4	2	6	6	5	.10452717350691	0
530	5	5	5	6	6	5	4	3	5	4	1	6	5	6	7	5	6	3	6	6	6	5	6	3	1	6	6	4	1	3	6	4	5	7	5	6	3	3	3	2	6	3	4	6	.10498622883217	0
441	7	5	6	7	5	5	3	1	3	5	5	5	3	6	3	5	7	1	6	7	6	4	7	5	5	6	6	4	1	5	6	5	5	7	5	6	4	3	4	1	7	4	5	6	.105068380165201	0
111	5	6	6	4	6	7	3	2	6	5	4	5	4	7	4	3	5	4	6	6	6	6	5	6	6	7	5	4	3	6	5	5	6	7	5	3	6	1	5	2	3	6	6	5	.105143127073379	0
88	7	6	7	5	7	7	4	4	6	6	6	7	6	7	3	7	6	6	7	6	6	6	7	6	3	6	7	6	1	6	6	2	6	7	6	1	4	3	6	4	7	4	3	6	.105284553037733	0
589	6	5	5	5	5	5	3	3	4	3	4	5	4	6	5	4	5	1	4	4	4	4	4	4	4	4	4	4	1	4	6	4	4	7	6	5	5	3	5	2	6	4	6	5	.105307494118448	0
54	6	7	7	4	5	7	3	1	7	7	6	7	3	7	6	5	6	3	5	6	6	7	4	4	7	7	6	6	5	7	4	1	6	7	7	3	7	3	6	3	7	6	6	7	.105368343824496	0
78	6	7	7	6	7	7	4	5	6	6	3	6	5	7	6	5	6	2	5	6	5	3	5	1	4	7	6	3	1	7	7	3	6	7	5	2	3	1	7	2	6	5	6	5	.1054668997599	0
213	7	7	7	7	6	7	1	3	3	6	2	7	4	7	4	7	7	4	7	7	7	4	6	6	6	7	7	1	1	7	6	6	7	7	6	4	1	1	6	7	7	4	6	7	.106565584456889	0
150	5	6	5	4	5	5	2	3	4	3	5	4	2	6	3	5	4	5	3	4	4	5	5	6	6	6	7	6	3	5	5	4	3	6	4	3	6	2	4	5	6	3	3	4	.106649340203335	0
74	5	5	6	5	7	6	7	4	6	6	4	6	6	6	6	6	6	2	7	6	7	2	7	3	5	6	6	2	1	6	7	6	6	6	6	2	2	2	5	6	7	2	2	6	.106675866330492	0
551	6	6	6	4	7	5	2	4	6	4	4	6	5	7	7	4	6	1	5	6	5	4	4	3	4	5	7	4	2	6	5	5	6	7	6	2	4	1	7	7	6	4	7	5	.107210063526866	0
690	6	3	7	3	6	5	2	3	3	4	3	7	4	7	6	7	7	3	7	7	7	2	6	3	3	4	6	3	1	5	5	6	6	6	7	7	3	4	3	2	7	2	2	6	.107835421601651	0
205	7	7	7	6	6	6	3	3	6	7	4	6	5	7	6	5	7	3	6	6	6	6	6	7	3	6	6	3	1	6	5	5	6	7	7	2	3	1	5	3	3	3	5	6	.107861615717921	0
153	4	6	3	4	6	6	4	4	3	1	1	3	3	5	3	6	3	2	3	4	4	2	3	4	4	5	5	4	2	3	6	4	4	6	4	2	2	3	6	4	4	4	4	4	.108076045361899	0
53	7	7	6	4	7	7	3	1	6	6	4	5	3	7	7	7	7	1	7	7	6	7	5	7	7	7	6	5	4	6	6	2	6	7	5	1	7	2	6	1	4	5	6	5	.108189659380241	0
156	7	6	6	4	7	6	3	4	4	5	4	7	2	6	3	5	4	4	6	6	7	4	4	4	5	6	5	4	2	5	7	4	6	7	6	3	4	3	5	7	6	4	5	7	.108933114873007	0
269	6	6	7	3	5	6	5	2	6	5	4	6	3	7	3	6	7	2	7	5	5	5	4	2	3	6	6	4	1	6	6	4	4	7	5	2	4	1	4	7	6	4	4	4	.109215679517727	0
326	5	6	4	5	7	5	7	4	3	5	3	6	5	6	2	5	6	1	6	7	5	3	5	2	2	5	7	2	1	2	7	5	6	5	5	6	3	2	5	6	7	2	4	6	.110520342819066	0
136	5	6	6	6	5	4	4	1	6	6	5	7	7	7	6	7	5	7	7	5	6	4	7	4	4	4	5	3	1	6	6	5	7	7	7	6	4	3	5	6	7	5	6	7	.11071030004618	0
160	6	7	6	4	6	7	4	3	6	7	6	7	5	5	7	7	7	4	5	6	6	6	7	3	5	6	7	7	1	5	3	5	6	6	5	5	6	2	5	3	5	7	7	6	.110772285710102	0
231	6	5	7	5	6	6	4	5	6	5	5	6	7	7	6	7	7	5	6	7	6	4	6	5	5	6	6	5	2	6	6	6	5	6	5	6	5	6	6	6	5	7	6	6	.110872643747887	0
711	7	6	7	3	6	7	1	2	6	5	4	6	2	7	6	6	6	1	6	6	6	5	5	3	5	7	7	3	1	6	6	6	6	7	6	3	4	1	2	6	3	2	2	6	.111122269103637	0
242	6	7	6	5	7	6	2	2	6	5	4	5	5	7	5	6	5	1	6	6	7	2	7	3	5	6	7	4	1	5	7	4	6	6	6	5	1	3	5	2	6	2	4	4	.111736215359146	0
56	6	6	7	5	5	5	1	1	5	5	3	7	4	6	6	7	7	4	7	7	7	6	4	4	4	6	7	6	3	5	6	6	7	6	6	6	4	2	6	3	7	6	5	7	.112162063679589	0
29	7	5	7	3	4	5	4	4	4	5	5	7	4	7	5	6	4	5	4	4	6	3	4	3	4	5	5	6	1	5	5	4	4	7	5	1	3	4	5	6	7	5	5	6	.112219447741579	0
756	7	6	7	6	7	7	4	1	7	7	2	7	6	7	7	7	7	4	7	6	7	7	7	6	6	7	7	7	1	6	7	5	7	7	6	3	7	1	7	2	6	3	7	6	.113418329795643	0
361	7	6	6	6	5	5	2	3	2	5	2	6	1	7	7	5	6	2	6	7	6	4	6	2	2	6	7	1	1	4	7	6	6	6	6	5	3	3	6	7	7	6	6	6	.11351620814498	0
591	6	5	4	6	6	4	5	2	2	6	2	7	6	7	3	7	7	3	6	7	6	5	6	3	2	3	6	4	2	5	6	6	6	7	5	4	5	3	6	6	6	2	5	6	.113998419998495	0
685	7	6	3	4	5	6	3	1	5	5	4	5	3	6	3	3	4	2	5	5	5	4	5	3	6	6	6	4	4	4	6	2	5	6	4	4	6	2	5	3	6	3	3	3	.114287973429122	0
521	7	7	5	7	6	7	1	7	4	4	3	6	1	6	5	5	7	1	6	6	7	2	7	6	5	7	7	2	1	4	6	6	6	6	6	3	4	1	4	1	7	3	4	7	.114675767708419	0
465	5	6	7	4	7	4	6	3	4	6	5	7	6	7	4	4	7	4	3	6	5	5	6	3	5	5	6	6	3	5	7	2	5	6	5	3	6	4	5	4	7	5	4	6	.11589421972794	0
121	7	6	7	2	6	7	1	1	5	5	5	5	7	7	6	5	6	2	7	6	5	6	5	5	6	7	5	4	3	5	5	3	5	6	5	2	5	2	6	7	7	7	7	5	.116309242811767	0
493	6	6	7	6	6	7	3	2	4	6	3	6	7	6	5	6	5	3	7	6	5	6	3	6	6	7	7	5	2	5	6	4	6	7	6	5	5	5	6	3	6	6	7	6	.116432679171929	0
107	5	6	7	4	5	5	6	1	5	6	4	6	7	6	6	6	5	4	4	5	4	2	4	2	1	4	4	6	1	4	5	4	6	7	6	4	2	4	4	4	5	4	3	5	.116739260117965	0
494	7	7	3	5	7	7	3	3	3	3	2	6	3	7	5	7	7	1	6	6	7	7	6	3	6	7	7	1	1	5	6	6	6	6	6	1	6	2	5	7	7	2	5	7	.116886967121037	0
355	7	7	7	2	6	7	5	2	7	7	7	7	4	7	4	6	5	2	7	6	6	7	5	3	2	7	7	6	3	7	7	3	6	7	5	1	7	2	7	6	6	7	7	6	.11715448986426	0
270	7	7	7	6	6	7	5	6	7	6	7	7	1	7	7	7	7	5	7	7	7	6	7	7	7	7	7	6	1	7	6	5	6	7	7	7	7	4	7	2	7	6	5	6	.117853420240183	0
48	6	6	5	5	6	6	7	2	6	6	5	5	4	6	7	7	7	4	7	7	6	5	5	4	4	6	7	4	1	6	5	4	6	7	4	6	4	2	5	1	4	7	7	4	.118379524665611	0
378	5	6	6	5	4	4	3	6	4	3	2	5	3	6	3	5	7	3	5	4	5	4	3	2	4	4	5	4	2	5	5	3	4	6	4	3	3	3	5	2	4	6	5	4	.118570106685318	0
487	6	7	7	5	7	7	4	1	6	6	4	7	5	7	5	5	6	4	5	5	5	5	5	2	7	6	6	2	1	5	7	2	7	6	7	2	4	3	4	6	7	5	5	7	.11977202607409	0
453	6	6	7	6	7	7	1	4	6	7	6	6	5	7	6	6	6	4	6	6	6	7	7	2	3	6	7	5	1	7	6	5	7	7	7	3	4	5	6	4	4	2	6	6	.121090903669262	0
757	3	5	3	4	5	5	1	2	4	4	5	6	7	7	4	7	6	4	5	5	4	1	6	2	3	5	5	4	1	4	6	6	6	7	5	6	1	2	5	5	6	2	4	5	.121687033378853	0
420	7	5	7	5	7	5	4	6	4	6	7	7	7	7	6	7	6	4	6	6	6	4	7	4	6	5	5	7	1	7	7	6	6	6	6	2	4	5	6	2	7	5	5	6	.12194455474882	0
7	5	6	7	4	6	6	2	4	4	2	2	5	3	7	7	7	6	4	5	5	5	3	5	1	3	7	7	2	1	7	6	6	6	7	4	1	3	1	7	4	7	1	5	6	.122108983061522	0
688	3	6	5	5	5	6	3	5	3	2	2	2	2	5	4	3	5	4	4	5	4	2	5	3	5	5	5	4	2	4	4	5	3	6	2	2	2	3	2	6	6	2	2	4	.122284989649026	0
359	5	5	5	3	5	5	1	6	2	3	3	6	4	6	6	5	5	4	4	6	6	3	7	4	6	5	6	3	2	5	5	4	6	5	4	7	2	3	4	5	4	2	4	4	.122471494433916	0
308	7	5	7	5	4	5	4	5	5	5	3	4	2	6	7	5	5	4	4	6	5	4	4	4	4	5	7	6	2	6	5	5	4	7	5	1	4	1	6	6	3	4	6	6	.122968358575352	0
554	7	6	7	3	5	7	3	3	6	7	6	4	5	7	7	4	7	3	7	7	7	6	7	4	6	6	7	6	3	7	5	4	4	6	3	2	5	1	7	2	7	4	3	3	.123056471599952	0
454	7	7	7	5	6	7	5	1	7	7	7	7	5	6	7	6	6	3	7	7	7	7	7	7	7	7	7	6	6	7	6	5	7	6	6	1	6	4	7	4	6	6	6	6	.123089896947807	0
123	6	3	7	6	4	2	5	1	4	4	4	6	5	7	5	5	7	3	7	7	7	3	7	1	2	3	7	3	1	5	6	4	7	7	7	7	4	3	4	4	6	2	4	6	.123558309548364	0
99	6	7	6	3	6	7	4	3	5	6	5	7	4	7	6	7	5	3	6	6	6	6	5	7	5	7	5	5	5	7	7	6	7	6	7	7	5	5	7	4	7	3	5	7	.124436653099398	0
348	6	6	5	6	6	5	3	4	2	3	4	4	3	7	4	6	5	4	6	6	5	4	5	5	4	4	5	4	2	4	5	5	4	6	5	2	3	3	6	3	4	6	7	4	.124581912124461	0
277	5	6	6	5	4	5	3	1	5	5	4	6	3	6	6	4	7	4	5	7	5	4	6	5	6	5	5	4	2	4	2	4	5	6	4	2	4	1	5	5	6	3	5	5	.125054487800924	0
434	7	5	3	4	6	4	1	3	4	3	3	6	5	7	3	6	6	1	6	7	7	4	5	4	4	4	7	4	1	4	7	6	6	7	7	4	4	2	4	7	4	1	2	6	.125233780504633	0
479	7	7	7	5	6	7	2	3	4	5	2	7	6	6	3	7	6	1	6	7	6	7	7	5	5	7	7	3	1	6	7	6	6	4	6	4	4	2	6	7	7	4	6	6	.125608735775278	0
579	6	5	5	3	6	7	1	6	3	5	1	6	5	7	4	6	7	2	7	6	6	4	7	2	3	6	6	2	1	2	6	3	6	7	5	3	3	2	5	6	3	4	4	6	.12581778676448	0
89	5	3	6	3	6	3	3	2	5	5	5	6	5	7	5	5	6	1	5	5	4	6	5	5	3	3	6	4	2	6	6	4	5	5	6	6	6	1	5	1	7	4	4	5	.125865080773063	0
463	7	7	7	4	7	7	2	1	7	7	7	7	2	7	7	7	7	1	5	6	6	7	7	4	6	7	7	2	1	7	6	6	6	7	6	1	6	1	6	1	7	1	2	5	.126406774752462	0
259	7	7	6	3	6	7	6	3	4	3	3	7	2	7	7	4	7	5	6	7	7	4	5	3	5	7	5	5	4	4	6	4	6	6	6	6	4	6	6	4	7	4	6	6	.126428021387739	0
397	7	7	7	4	6	7	5	1	3	7	4	5	1	7	5	6	6	1	7	5	6	7	5	5	7	7	7	5	2	5	7	5	6	7	6	7	6	1	7	1	4	6	6	6	.126873219072813	0
406	7	6	4	6	5	7	2	4	6	6	4	7	6	7	7	5	7	5	6	6	7	6	7	2	4	7	7	7	1	3	5	2	5	5	6	4	6	2	5	3	7	6	6	6	.126908046369829	0
86	5	5	7	3	4	4	2	1	3	5	5	6	6	6	5	5	4	6	5	4	4	3	6	2	2	4	5	5	2	4	4	3	3	6	2	3	3	3	5	2	6	3	2	3	.12716221766214	0
324	7	7	6	4	6	7	4	4	6	7	7	7	4	7	4	6	6	2	5	6	6	4	3	2	2	7	7	4	1	6	6	6	6	6	6	3	4	3	6	5	6	6	2	6	.127305112171051	0
258	6	7	7	6	7	7	4	5	6	4	4	6	5	7	7	6	6	7	7	7	6	5	6	7	4	6	6	5	2	2	7	4	6	6	6	6	4	4	5	3	7	6	7	7	.127582403089847	0
301	4	6	6	2	6	7	1	2	6	4	3	5	2	6	5	4	5	2	4	5	5	6	2	5	6	6	7	5	3	6	6	3	4	6	3	2	6	1	6	2	4	5	4	4	.128459626638472	0
248	7	6	5	6	6	6	5	5	4	4	4	6	4	6	4	6	6	3	6	6	6	2	6	4	4	5	6	2	1	5	7	7	7	7	7	4	1	7	4	1	7	4	1	6	.129435397403459	0
23	5	6	7	5	6	6	1	1	6	6	7	7	7	7	7	6	6	4	6	6	5	4	4	2	4	4	5	7	1	4	6	2	5	7	6	1	4	4	4	1	7	2	4	5	.129704911467974	0
481	7	5	6	4	7	5	6	1	3	4	5	7	7	7	6	6	6	2	5	6	6	2	6	4	3	4	5	3	1	2	6	4	7	7	4	3	3	2	4	7	7	4	5	5	.130128211905506	0
571	7	7	5	6	7	6	7	3	3	5	2	6	6	7	6	6	4	4	7	6	6	7	7	5	3	7	6	4	2	6	7	4	6	6	7	6	6	3	5	6	7	4	6	5	.130617912730185	0
513	6	6	5	3	5	7	1	7	7	7	7	7	7	7	6	6	6	1	6	6	6	5	6	5	6	7	7	5	1	5	5	5	6	5	6	5	4	1	4	4	7	2	6	7	.13120047314535	0
452	7	7	6	6	6	7	4	4	6	6	2	7	6	7	4	7	7	4	6	6	6	1	7	4	4	7	7	4	1	6	4	4	6	7	6	3	1	4	7	3	7	2	7	7	.131527002287836	0
317	6	6	6	6	6	6	2	7	3	3	2	6	7	5	5	6	7	2	6	7	6	2	7	2	2	6	7	2	1	5	6	6	5	7	6	2	2	1	5	6	7	3	2	7	.131603907892858	0
329	6	4	7	3	2	5	1	2	4	5	4	7	5	6	7	4	7	7	5	6	6	4	7	2	1	3	5	4	1	5	2	1	6	6	5	3	4	4	4	1	6	3	3	5	.13179727660313	0
583	4	5	4	5	6	4	2	2	4	4	4	6	4	7	5	7	6	1	7	7	7	5	5	2	4	4	5	3	1	4	7	6	6	6	5	4	4	3	4	6	3	3	6	6	.131839909086787	0
518	7	7	6	6	7	7	2	5	6	6	6	5	5	7	6	4	6	2	6	7	7	6	6	4	7	7	7	4	1	7	7	7	7	7	4	5	6	1	7	7	7	7	7	6	.132028097467352	0
358	5	7	6	5	7	7	1	5	4	3	2	3	2	7	6	6	7	4	7	6	6	2	5	4	5	7	7	3	1	3	5	5	6	7	5	3	1	2	7	2	7	2	5	5	.132181768071413	0
442	5	5	7	3	3	7	4	3	5	3	6	6	5	7	7	4	5	4	5	5	5	3	5	3	5	5	5	1	1	6	5	3	5	5	5	5	3	3	3	2	7	4	4	5	.133015462314183	0
11	7	4	7	4	7	5	2	1	5	6	4	7	7	7	7	5	5	1	5	6	6	4	6	2	1	5	5	4	2	6	7	6	7	7	6	7	5	5	6	1	7	4	4	7	.13373028897814	0
128	7	7	7	4	7	7	1	1	7	7	7	7	7	7	3	7	7	4	7	7	7	3	7	7	7	7	7	7	1	7	7	2	7	7	7	1	4	1	7	1	7	4	7	7	.134036557272222	0
152	6	7	6	4	3	6	1	6	4	4	3	6	4	7	5	4	6	4	7	7	6	2	5	6	4	6	7	2	2	7	4	6	5	6	6	4	2	6	6	7	7	3	6	6	.134692551076346	0
273	6	5	6	7	7	7	7	1	5	6	7	7	4	6	5	7	6	2	7	5	5	6	7	4	3	6	6	7	1	5	6	1	6	6	6	1	6	2	5	6	6	7	6	5	.135117968331133	0
467	5	5	5	5	5	4	4	6	4	3	1	7	6	7	7	6	7	7	7	6	6	2	7	2	2	3	3	2	1	3	6	6	6	7	6	7	2	3	4	7	7	6	4	6	.135403120404267	0
323	5	6	7	2	6	7	6	5	3	5	3	6	4	7	6	7	7	3	7	7	7	7	7	5	7	6	6	4	1	7	6	5	7	7	6	6	6	3	7	7	7	7	6	5	.135436557970645	0
8	6	4	6	6	6	3	1	3	3	4	1	7	7	6	4	4	7	3	6	6	6	1	6	1	4	4	4	1	1	5	5	1	5	5	5	5	1	2	5	1	7	1	1	5	.135552769011198	0
534	4	3	5	5	4	3	1	4	4	5	3	5	4	4	3	3	4	5	4	3	4	2	4	3	3	4	4	4	2	3	3	2	3	5	4	2	2	2	3	1	6	3	4	3	.136147617635897	0
424	6	4	7	4	4	7	5	3	4	5	3	6	5	7	4	5	4	5	6	4	5	3	4	6	3	6	4	4	2	7	4	4	5	6	6	7	2	3	7	6	7	4	4	6	.137276165064463	0
70	7	6	4	6	7	5	1	3	5	5	5	7	7	7	5	6	6	6	7	7	7	3	5	6	4	6	6	3	1	6	7	6	7	7	6	4	3	1	7	4	7	2	2	7	.137495324157084	0
455	7	7	6	4	5	7	2	6	7	6	6	7	4	7	6	5	5	3	7	5	5	7	4	7	7	7	7	7	3	7	6	5	5	6	7	3	7	1	5	2	7	6	6	4	.137786454300757	0
68	7	6	5	2	2	7	4	4	4	4	4	6	6	7	4	7	7	4	5	6	6	5	5	4	5	7	7	5	1	4	6	6	5	7	6	2	4	1	5	6	5	4	6	6	.138509024759198	0
370	4	6	5	5	7	6	7	2	6	6	5	7	7	7	7	3	5	3	5	5	5	3	5	5	3	5	5	5	6	5	7	2	6	7	6	6	3	4	6	6	7	7	6	6	.138611934994076	0
528	6	7	3	6	5	6	5	5	3	4	3	4	3	6	5	3	3	3	3	3	3	3	3	2	3	6	6	4	2	3	7	5	4	6	4	5	1	3	6	4	4	6	6	5	.138716417415918	0
447	7	7	4	5	5	7	2	4	4	4	3	5	5	7	3	4	4	2	5	5	6	6	7	4	4	7	6	3	2	4	4	5	5	6	3	5	5	1	3	4	6	2	4	5	.138755299304845	0
13	7	7	7	4	6	7	1	3	6	6	4	6	5	7	7	5	7	6	6	7	7	5	6	5	4	4	6	3	2	6	7	5	6	7	5	3	2	3	4	3	7	1	1	7	.138822501016868	0
232	7	7	6	7	6	7	7	3	5	6	4	6	1	6	3	6	2	1	4	5	6	6	7	5	6	7	7	5	1	6	7	5	6	6	7	3	5	2	5	6	6	7	6	6	.139452204547216	0
235	7	7	7	3	7	7	5	1	7	7	7	7	7	7	7	5	7	2	7	4	7	6	7	7	7	7	7	7	4	7	7	1	7	7	6	7	7	2	7	1	7	7	7	6	.139654442448044	0
149	7	7	6	5	7	7	3	1	5	6	5	7	7	7	1	6	7	2	6	6	6	5	7	7	3	7	6	4	1	7	7	1	6	7	6	6	4	2	6	6	7	7	5	6	.140035747620143	0
249	4	7	6	3	5	5	2	4	4	4	1	4	3	7	7	4	6	4	6	5	6	1	6	5	4	5	4	1	1	6	6	3	4	6	4	3	2	2	6	6	7	4	4	5	.141658188219032	0
28	7	6	7	7	6	5	4	3	3	4	3	4	4	7	4	5	6	3	3	4	4	2	4	3	3	6	7	4	1	3	6	3	5	6	4	3	2	3	3	4	7	4	7	4	.142876403987529	0
686	5	6	4	6	5	4	3	4	4	7	4	7	7	6	4	7	7	5	5	5	7	7	7	3	3	5	5	5	1	4	4	6	7	6	6	7	7	3	4	2	4	5	5	5	.143163654761538	0
190	7	7	7	4	7	7	7	1	7	7	1	7	7	7	7	7	7	1	7	7	7	7	7	4	3	7	7	1	1	7	7	7	7	7	7	1	6	2	7	1	7	7	7	7	.143257055336443	0
365	7	7	7	2	7	7	7	1	7	7	7	7	7	7	7	7	7	1	7	7	7	7	6	7	7	7	7	4	1	7	7	1	7	7	5	1	5	1	7	1	7	4	2	5	.144428519209995	0
538	4	7	5	7	7	7	1	4	4	3	1	5	5	7	5	7	7	1	7	7	7	4	7	5	4	7	7	1	1	5	7	7	7	5	7	5	3	1	3	3	7	5	3	7	.144615945458298	0
451	6	7	7	2	6	7	6	1	7	7	5	7	4	6	7	4	4	5	5	6	6	7	6	7	7	7	6	6	2	7	5	1	6	7	4	1	7	4	6	3	4	2	5	4	.144868049153243	0
446	6	5	6	4	6	7	5	3	3	4	3	6	6	6	5	6	5	3	6	5	3	2	6	6	4	6	7	2	1	5	5	6	5	5	6	4	3	2	3	2	7	3	6	5	.146965884166951	0
567	7	3	7	5	6	2	5	4	3	4	3	7	2	7	1	4	5	3	6	5	7	3	7	2	2	3	7	3	1	5	7	5	6	7	6	4	3	3	4	6	7	4	2	6	.14705804436821	0
496	5	4	7	2	6	5	1	1	5	7	6	7	6	7	6	6	5	6	6	6	6	7	6	1	4	4	6	4	1	7	5	1	5	6	4	6	6	3	7	7	7	3	3	6	.14712111182315	0
325	6	5	4	2	6	7	3	4	4	7	5	4	2	6	5	4	2	4	4	5	4	4	4	6	6	6	5	5	4	5	5	5	4	7	4	4	5	5	7	6	4	6	4	5	.14739284150128	0
552	7	7	6	4	6	6	3	3	3	3	2	6	3	6	3	6	6	2	6	6	6	5	6	2	2	5	6	2	1	4	2	6	6	6	6	6	6	1	6	6	7	2	3	6	.147552331835125	0
225	7	7	7	6	7	7	7	1	1	6	1	7	5	7	6	7	7	3	3	6	6	7	7	7	6	7	7	5	1	7	7	7	6	7	6	5	7	1	6	4	7	6	7	7	.148040499650121	0
2	5	6	6	6	2	3	3	3	4	1	3	5	4	5	6	5	5	4	5	5	4	4	4	3	3	5	5	4	1	4	4	6	5	6	5	6	4	3	4	7	7	4	4	4	.148787616092139	0
183	7	6	7	5	6	6	1	5	5	3	3	6	1	6	3	7	6	3	7	6	6	3	7	3	7	7	5	5	1	6	6	3	5	7	5	3	5	1	4	1	7	1	3	7	.149087035793068	0
31	6	6	4	4	4	4	6	4	4	4	4	4	4	6	7	7	7	4	6	6	6	3	7	5	4	7	6	3	1	6	6	5	5	6	3	1	3	3	6	7	6	2	2	4	.150058399762263	0
210	6	5	4	3	5	5	4	5	4	4	4	5	6	7	7	4	5	2	6	6	5	3	4	2	2	3	7	4	3	4	5	6	4	6	4	1	2	2	5	1	4	6	5	6	.151132664052548	0
247	5	3	5	5	5	2	1	4	1	2	1	5	1	7	4	5	7	5	4	6	5	1	3	3	2	5	7	1	1	3	5	4	5	7	5	5	1	1	4	4	7	4	3	5	.15156539874209	0
460	7	7	2	5	7	4	5	2	6	5	3	7	5	7	5	7	7	4	7	7	5	6	7	3	7	6	7	6	1	6	7	5	6	7	6	3	3	2	6	5	7	5	5	7	.152392318307247	0
311	7	6	5	7	5	7	1	3	3	4	2	4	2	7	4	5	7	3	7	6	5	4	7	2	3	5	6	3	5	4	4	3	4	7	4	3	4	1	4	7	7	5	5	6	.152485806050857	0
476	6	7	6	4	7	6	6	6	5	7	6	7	3	7	4	7	7	1	7	6	7	2	7	4	4	7	7	7	1	7	6	6	6	6	6	1	3	1	7	7	7	3	3	7	.152886569175596	0
294	7	6	7	3	5	7	3	1	7	7	7	7	4	7	7	7	3	4	4	5	5	7	4	5	5	5	7	7	1	5	5	1	5	7	7	1	7	2	7	4	7	7	7	7	.153358113361387	0
97	6	7	7	3	6	7	2	2	5	5	2	5	6	7	5	6	6	2	4	5	6	4	6	3	4	5	6	3	1	7	6	4	6	6	7	6	2	6	7	7	7	2	5	5	.154601453102536	0
374	5	6	6	4	5	5	1	2	3	4	4	6	1	6	7	6	7	2	6	7	7	2	5	5	5	5	7	3	1	5	6	6	5	6	6	4	3	7	6	6	4	2	6	6	.154764673480977	0
540	5	6	7	4	5	7	3	5	5	5	5	7	2	7	7	6	7	7	6	6	6	4	6	7	7	7	6	7	1	7	5	3	5	7	6	7	5	3	6	7	4	1	7	6	.156611772408534	0
707	6	7	7	6	6	6	1	1	6	6	5	6	4	7	5	6	5	1	4	6	4	7	7	5	5	7	7	2	1	7	7	4	5	7	5	6	6	2	5	3	7	1	7	6	.158151071949324	0
337	6	6	4	4	5	7	1	4	5	6	6	5	1	6	6	6	6	2	4	4	5	6	6	1	5	6	6	6	5	5	6	6	5	5	5	2	6	3	4	2	6	6	6	6	.159345006089573	0
203	6	7	7	4	6	6	6	4	5	4	4	4	2	7	4	6	5	2	6	5	4	6	6	4	6	6	6	3	1	7	6	6	6	6	3	2	6	2	6	1	5	2	2	6	.160950457538658	0
486	7	7	7	6	6	7	3	2	2	2	2	7	6	7	3	7	7	2	5	5	7	2	6	2	5	7	6	2	1	2	7	6	6	7	6	4	3	2	3	7	4	1	2	6	.161618855798686	0
392	7	7	7	3	6	6	3	2	4	5	5	3	1	6	7	3	5	1	7	6	7	2	6	1	6	6	6	5	3	6	6	1	5	7	3	1	2	1	7	1	7	4	6	4	.161911748254825	0
267	7	6	6	4	6	7	2	3	3	3	1	7	5	6	7	4	4	6	4	4	4	4	4	7	5	5	7	7	3	7	6	3	6	5	5	5	4	4	7	4	6	7	7	5	.162346715739958	0
145	7	6	6	2	3	6	2	4	3	6	4	6	1	6	6	6	6	6	7	6	6	6	7	7	6	5	7	6	4	7	2	6	5	6	5	4	6	1	5	7	7	7	7	6	.162493510571727	0
523	6	3	6	6	2	2	1	5	2	2	2	6	5	6	6	7	7	6	6	5	7	2	7	3	1	3	7	2	1	5	4	6	7	6	6	6	1	5	6	4	7	6	6	7	.163034368207556	0
35	7	7	7	5	7	7	3	2	6	7	3	7	2	7	7	2	5	1	5	7	5	7	7	4	4	7	7	4	5	7	5	5	5	7	7	4	7	1	7	7	6	7	7	7	.1632008963447	0
683	7	7	7	6	6	7	2	3	3	3	1	6	6	7	7	5	4	3	4	6	6	1	3	2	6	6	6	1	1	6	6	7	6	6	7	1	1	1	6	2	6	2	6	6	.163698770342315	0
313	7	6	6	5	7	5	4	1	1	1	1	6	7	7	4	5	7	1	6	7	7	5	7	5	5	5	7	5	3	5	6	1	7	7	6	2	6	1	7	1	7	5	4	6	.163802664339079	0
570	7	7	7	4	7	7	1	1	7	7	3	7	7	7	7	5	7	6	6	6	5	3	7	6	3	7	7	2	1	7	5	4	5	7	7	3	2	3	5	4	7	7	7	7	.164087974852759	0
550	4	6	7	6	7	2	4	2	2	1	1	6	6	7	2	7	6	2	6	5	6	2	6	3	5	6	6	1	1	4	7	6	6	7	6	4	3	3	7	2	7	5	5	7	.165853193253257	0
143	6	7	7	6	5	7	4	7	3	2	3	7	2	7	3	7	7	1	7	7	7	6	7	7	7	7	7	2	1	3	7	7	7	7	7	2	7	1	4	1	7	7	6	7	.165985768910409	0
80	7	7	7	6	7	7	5	1	7	7	7	7	7	7	7	7	7	1	7	7	7	7	7	7	7	7	7	7	1	7	7	1	5	7	2	7	7	1	7	5	7	7	7	4	.166405157515699	0
421	3	7	4	3	4	4	1	4	5	5	5	5	6	7	6	5	6	5	7	5	6	3	6	3	4	6	7	3	1	2	4	4	6	6	5	5	2	5	5	6	6	5	5	6	.167128162289386	0
166	6	6	6	5	7	4	7	4	4	6	3	6	4	5	3	7	5	2	6	6	5	2	5	3	3	4	6	2	1	4	6	6	5	3	5	3	2	5	5	4	6	2	4	6	.167284556398833	0
706	7	6	7	3	7	4	2	4	4	2	1	6	4	7	7	7	7	5	7	7	7	3	7	2	7	7	7	1	1	5	7	7	7	7	5	1	2	1	1	2	7	5	4	7	.169246839495672	0
472	7	7	7	6	4	7	3	6	2	2	3	7	7	7	4	3	6	3	7	7	7	3	5	2	7	7	5	2	2	5	6	6	6	7	7	1	2	3	5	6	7	3	5	5	.169365393512882	0
572	5	7	4	2	4	7	1	7	2	4	1	5	5	6	6	4	6	5	5	5	5	6	4	2	2	7	7	7	1	3	4	7	4	6	4	2	5	4	6	6	5	4	4	5	.1698200599439	0
462	6	6	6	4	6	1	1	2	6	7	7	7	5	7	2	7	7	7	7	6	6	5	6	5	6	5	6	5	3	5	7	2	6	7	6	6	4	2	4	4	7	6	7	6	.169864244780878	0
407	6	4	1	7	7	3	7	2	3	6	1	5	7	7	4	7	6	2	5	5	4	2	5	3	1	3	4	3	1	2	7	4	6	7	5	5	2	4	6	7	5	5	5	6	.170597596693585	0
238	6	5	7	3	7	7	6	1	6	7	4	7	7	7	4	5	6	6	4	4	4	6	7	6	3	4	6	6	2	7	5	2	6	7	5	7	7	2	6	1	2	4	4	5	.170965005025237	0
480	4	5	4	4	5	6	3	4	3	4	3	3	3	5	5	2	5	2	5	6	4	4	5	2	2	5	4	5	6	4	6	5	4	6	4	4	3	1	5	7	5	2	6	5	.172632425875908	0
126	7	6	5	1	7	4	4	7	3	3	2	7	3	7	1	6	7	3	7	5	6	2	6	3	3	2	4	1	2	3	7	6	7	6	6	7	3	4	5	6	7	3	5	7	.173425201736381	0
310	5	7	7	2	7	7	1	1	3	7	4	6	3	7	7	5	7	3	4	7	7	5	7	1	2	6	7	7	1	5	6	5	5	7	6	1	5	1	7	1	7	5	7	6	.173545417969408	0
445	5	7	7	5	6	7	2	1	7	7	7	5	5	7	4	7	5	1	5	5	4	7	7	4	4	7	7	7	1	7	7	3	3	7	4	1	7	1	7	5	1	7	7	4	.174217445107438	0
527	5	3	5	5	5	6	4	3	5	5	3	3	3	5	3	6	5	4	5	5	6	4	5	4	6	7	5	4	1	4	5	7	5	7	6	4	1	1	4	4	5	7	5	7	.174363147851751	0
758	6	3	7	7	5	4	1	3	1	1	1	7	7	7	6	7	7	4	6	6	6	2	7	2	4	6	7	3	1	4	5	6	7	7	7	2	4	1	5	3	5	1	1	5	.175018264153356	0
474	6	6	6	6	5	7	5	2	3	1	3	6	6	6	6	7	7	7	7	7	7	5	7	3	3	7	7	3	3	7	3	7	7	7	7	4	4	4	7	4	7	3	6	7	.175875128700858	0
724	7	4	7	4	4	7	3	1	5	6	4	7	5	7	7	7	7	5	7	7	7	3	7	5	4	5	7	4	1	4	4	6	4	7	4	1	3	1	7	7	7	3	6	4	.178163179106569	0
158	6	6	6	3	4	6	1	1	7	7	1	6	5	7	6	5	7	4	7	6	7	4	7	4	3	7	7	7	1	7	4	2	6	7	6	7	2	1	7	1	4	2	6	6	.178235481763065	0
32	5	6	6	3	5	7	5	4	5	5	4	3	2	6	7	5	7	4	6	6	6	3	6	4	7	6	4	3	1	4	4	3	3	7	3	2	2	1	5	6	7	1	5	7	.181609056432081	0
125	6	7	7	4	7	7	6	2	3	4	2	6	2	7	5	7	5	2	7	7	7	2	5	2	2	7	7	6	2	4	7	3	6	6	6	3	3	1	4	4	3	3	3	4	.182843033669751	0
157	5	5	6	6	4	4	3	6	3	2	2	7	7	7	7	6	6	7	6	6	6	5	7	4	1	4	7	1	1	4	4	6	3	7	5	6	3	3	5	5	4	5	6	6	.183424426342041	0
55	7	4	7	6	6	4	1	4	4	5	1	6	5	7	5	7	4	1	3	7	6	3	6	4	4	4	7	3	1	4	6	3	6	7	4	1	3	1	2	4	7	2	5	5	.183976489335353	0
379	5	6	7	3	3	6	6	5	4	6	5	4	2	7	7	3	5	7	7	6	6	5	4	4	1	7	6	7	4	6	3	2	4	6	4	3	3	5	7	1	5	5	4	6	.184120614099267	0
254	5	3	6	3	5	3	1	1	5	7	5	7	4	7	7	1	7	4	7	7	7	6	7	2	3	4	5	3	1	5	7	3	7	7	7	7	4	2	3	1	7	7	3	7	.187315867398141	0
588	7	7	1	4	6	6	5	1	1	5	2	6	4	7	6	6	5	1	6	6	5	5	7	1	1	6	7	1	1	5	7	6	6	7	6	2	3	1	6	2	7	4	6	7	.187420499812245	0
328	5	3	7	5	4	6	6	3	5	6	4	6	6	7	3	2	7	2	5	6	5	3	7	4	3	2	5	6	3	4	4	2	6	7	4	5	3	3	2	7	7	4	5	6	.187950242764379	0
520	7	7	7	4	5	7	3	3	3	7	4	7	7	7	3	5	7	7	5	7	6	2	5	2	2	7	7	5	1	7	5	6	6	7	5	3	2	1	7	6	3	2	4	4	.188813573724748	0
560	4	6	6	4	5	6	1	2	5	5	4	3	4	3	5	6	6	3	6	6	6	2	5	6	4	5	7	4	1	5	3	5	4	7	4	2	1	2	5	6	1	3	4	5	.193532153826663	0
110	6	7	5	7	6	7	1	1	3	6	3	5	3	7	5	7	7	5	7	7	7	5	7	1	7	7	7	3	1	6	6	2	3	7	6	2	2	1	6	2	6	4	2	5	.194885418463619	0
515	6	7	7	3	5	5	4	4	4	5	4	4	4	7	7	6	7	7	7	6	5	2	4	5	7	5	6	5	4	7	6	5	7	6	6	7	4	2	4	6	7	5	5	7	.196234481506737	0
457	6	4	1	7	5	7	7	7	3	1	1	4	1	7	4	4	7	3	7	7	6	1	7	5	1	4	7	1	1	1	6	6	6	5	6	7	1	1	3	4	7	2	2	7	.198858961777699	0
71	3	3	7	7	7	6	1	1	5	7	7	6	5	7	4	5	7	1	7	7	7	5	6	2	4	6	7	2	1	6	5	6	6	6	6	6	3	3	5	3	6	1	4	7	.199369794604348	0
578	6	4	7	5	4	7	4	1	3	7	2	5	2	7	5	6	4	7	7	5	6	7	4	7	7	6	6	7	1	7	4	4	5	7	5	1	7	1	6	1	7	7	7	4	.200423481510799	0
146	5	7	7	3	5	7	5	2	5	6	7	6	2	6	4	3	7	5	7	7	7	6	7	4	2	6	5	7	1	5	5	1	4	7	6	1	3	1	3	1	3	3	4	4	.201025357643393	0
37	7	5	7	3	7	6	1	6	4	3	3	3	3	6	6	3	3	3	6	6	6	3	7	4	2	6	6	2	1	6	6	6	6	7	7	2	2	2	6	6	6	2	7	6	.201557522515412	0
14	7	7	5	5	7	1	3	5	6	7	1	7	7	7	3	5	7	5	7	7	7	2	7	3	1	1	5	2	1	4	4	3	7	7	7	6	1	5	3	3	7	4	2	7	.202810490435129	0
385	5	3	7	1	7	2	1	4	5	3	3	7	5	7	1	3	7	2	6	6	6	1	7	4	7	5	6	1	1	7	6	6	6	6	6	3	1	3	5	6	7	4	5	6	.204929141201551	0
276	7	5	7	4	6	5	2	2	2	5	5	2	1	7	7	4	7	2	6	6	7	4	5	2	2	5	7	5	4	6	5	2	6	7	6	2	4	1	4	6	7	1	5	5	.204956566314595	0
84	7	5	7	5	6	4	7	3	3	7	3	6	7	6	2	1	6	4	7	7	7	6	7	4	2	2	5	3	2	2	7	1	6	5	6	7	6	5	5	7	7	7	7	6	.207867435102957	0
116	4	5	3	4	4	3	3	6	5	5	4	3	3	3	4	7	6	3	5	4	5	5	4	5	5	6	7	5	1	6	5	3	5	5	3	3	6	2	6	3	5	3	6	3	.209471541232142	0
1	7	7	5	5	7	7	7	1	7	7	2	7	4	7	1	2	6	3	7	7	7	6	7	2	7	7	7	1	1	7	7	7	7	7	7	2	2	1	7	3	7	7	7	7	.209812609536025	0
122	4	4	7	7	7	6	5	1	1	5	3	7	6	7	6	7	4	5	7	7	6	4	7	7	7	7	7	6	1	6	7	7	7	6	6	2	6	1	5	2	7	7	7	7	.210328049332099	0
414	6	7	6	4	6	6	1	3	5	4	3	7	6	7	7	5	6	4	5	4	7	4	7	3	4	6	7	7	1	7	5	5	6	5	7	4	3	7	7	6	7	4	1	7	.211525243217075	0
290	4	6	7	6	6	6	7	1	6	6	6	4	7	7	4	5	6	2	3	5	6	5	5	7	3	6	7	3	1	6	4	6	6	6	6	7	6	1	6	6	7	7	6	6	.212991924359253	0
114	5	5	7	3	5	7	3	3	2	2	3	4	4	7	3	3	6	4	6	4	4	2	6	3	4	2	6	5	1	7	6	3	6	7	4	4	2	4	6	7	7	6	4	5	.221896216760616	0
234	5	5	6	2	5	6	3	3	3	4	4	6	7	5	2	6	7	5	7	5	7	4	5	2	1	5	3	4	1	6	5	5	5	6	3	1	4	3	6	4	3	7	4	3	.222427195435961	0
440	5	7	5	3	6	3	1	7	2	4	1	7	2	7	6	6	6	1	7	6	7	2	7	3	3	3	7	2	1	2	5	5	6	7	7	6	1	1	5	1	2	2	5	7	.223101249058708	0
120	5	4	3	7	7	7	1	1	7	7	1	6	3	6	4	3	5	3	5	6	6	4	6	6	4	3	4	3	3	4	4	4	5	6	6	5	6	3	5	3	7	6	2	6	.223182238721517	0
138	7	7	7	3	3	7	1	4	7	7	7	7	3	7	4	7	7	4	6	7	7	4	7	1	4	7	7	1	1	7	4	4	4	7	4	4	1	1	1	1	5	1	4	4	.231863275997101	0
529	7	7	7	7	7	7	1	3	7	3	2	7	1	7	3	7	7	6	7	6	7	6	7	3	6	4	7	7	1	6	5	6	7	6	7	7	4	2	7	7	7	3	5	7	.232179069434619	0
246	6	2	6	4	4	6	6	6	2	1	1	6	3	6	4	1	6	6	4	6	6	2	6	7	2	2	6	1	3	1	3	6	6	5	6	3	1	1	4	1	7	4	4	6	.232733907118774	0
708	3	1	1	6	6	1	1	5	1	3	1	6	3	6	6	7	6	2	5	7	6	1	7	7	2	1	6	1	1	6	6	6	6	7	6	6	1	4	3	7	7	1	4	7	.235596944819241	0
345	7	7	7	7	7	2	6	1	7	6	6	4	2	7	7	7	6	5	7	7	7	6	7	6	5	4	6	5	1	7	7	6	6	7	3	6	4	6	3	7	7	1	2	6	.235872635960399	0
25	6	6	7	4	4	7	7	1	5	5	7	6	1	7	4	4	7	5	4	7	5	4	5	7	6	7	7	5	1	7	5	3	6	4	6	1	7	4	5	1	7	5	6	4	.238493477376052	0
167	6	2	7	4	7	7	1	4	1	6	1	6	1	7	6	5	7	2	5	4	5	1	7	3	4	5	4	1	1	7	7	4	6	7	4	4	1	3	7	7	5	4	5	7	.239379493453423	0
69	3	4	5	6	7	5	1	6	3	4	3	7	6	7	3	7	3	5	6	5	4	2	3	3	3	4	4	2	2	3	3	3	4	3	3	4	4	4	4	1	7	4	4	4	.247013936148725	0
533	6	6	7	2	6	7	4	2	5	7	7	3	2	6	7	5	6	5	7	3	5	7	2	7	1	6	7	6	2	6	5	5	5	6	4	1	6	6	7	4	7	2	6	6	.255205816162367	1
72	5	7	5	3	7	7	7	2	2	7	6	4	3	3	6	7	6	4	6	6	5	5	7	2	3	7	6	6	1	4	5	4	7	6	4	6	5	3	5	1	7	7	6	4	.257562191740851	1
140	5	7	5	6	5	3	1	2	7	4	2	6	7	5	5	7	6	5	7	7	6	6	6	5	6	7	7	7	2	7	3	6	7	5	5	2	2	2	2	3	5	6	7	7	.262438683027459	1
228	1	1	1	3	5	6	2	3	6	7	6	7	7	7	6	6	6	4	5	4	4	6	5	3	7	4	6	6	3	7	6	2	6	6	5	3	4	3	5	4	6	6	6	5	.263956868460506	1
369	7	5	3	1	3	6	1	3	5	4	2	1	1	7	7	3	4	4	7	5	5	6	3	1	7	6	7	4	4	5	4	7	1	6	3	4	5	1	5	5	7	2	4	2	.270094153813797	1
338	6	1	4	7	1	7	1	7	4	1	1	7	1	7	7	7	6	1	5	7	7	1	6	2	3	7	5	2	1	3	4	5	7	7	7	4	1	3	4	1	6	4	5	7	.285246299059306	1
383	7	2	1	2	7	3	5	2	1	1	1	5	1	7	1	4	6	1	6	5	5	4	7	3	2	6	6	4	3	1	5	7	7	7	5	5	1	3	1	1	7	2	6	7	.334338797279094	1
582	4	1	1	3	5	5	3	3	7	5	7	7	2	7	6	5	1	4	1	4	5	1	4	3	7	7	5	3	2	6	7	2	7	7	6	7	3	3	4	7	7	7	5	7	.338853105513813	1
104	7	7	6	1	7	4	2	7	2	7	2	7	6	7	7	6	7	4	1	7	7	5	6	1	5	6	5	4	1	1	6	7	7	6	7	1	1	7	5	1	7	4	7	6	.342821970736262	1
587	6	6	7	6	5	6	4	1	1	1	3	1	1	1	2	7	7	4	7	7	7	6	5	4	6	7	7	4	1	6	7	5	5	5	5	3	4	3	7	3	7	6	7	7	.362141310483783	1
291	7	4	6	4	5	7	4	3	3	3	3	7	7	7	5	7	4	7	7	7	1	7	1	4	4	7	7	2	1	4	7	7	7	7	7	7	1	1	7	1	7	5	1	7	.420359211206016	1
